2016-02-10-15-03-14	-0.21997292	0.10122099	0.081915048	0.05214253	 0.4211179	-0.25261003	 9.9999626	4.6882534e-05	
2016-02-10-15-03-24	-0.21996338	0.10121861	0.081917432	0.052144914	0.42112505	-0.25260884	 9.9999579	5.4035091e-05	
2016-02-10-15-03-33	 -0.219961	0.10121503	0.081915048	0.052144914	0.42112148	-0.2526148	 9.9999543	5.5227184e-05	
2016-02-10-15-03-43	-0.21995384	0.10121503	0.081918624	0.052123457	0.42109883	-0.25261361	 9.9999436	6.3571834e-05	
2016-02-10-15-03-52	-0.21995861	0.10121861	0.081919816	0.052141338	 0.4211179	-0.2526148	  9.999971	4.092207e-05	
2016-02-10-15-04-02	-0.21995742	0.10121145	0.08191624	0.05213657	0.42111313	-0.2526148	  9.999971	4.092207e-05	
2016-02-10-15-04-12	-0.21995146	0.10121026	0.081918624	0.052137762	0.42110836	-0.25261003	  9.999971	4.4498349e-05	
2016-02-10-15-04-21	-0.21995623	0.10121145	0.081913856	0.052134185	0.42111313	-0.25261957	 9.9999662	4.5690442e-05	
2016-02-10-15-04-31	-0.21995265	0.10122337	0.08191624	0.052131801	0.42111313	-0.25261599	 9.9999626	4.5690442e-05	
2016-02-10-15-04-40	-0.21995384	0.10121503	0.081911471	0.052135377	0.42111433	-0.25261957	  9.999965	5.0458813e-05	
2016-02-10-15-04-50	-0.21994908	0.10121861	0.081913856	0.052129417	0.42111552	-0.25261719	 9.9999638	5.4035091e-05	
2016-02-10-15-05-00	-0.21995027	0.10122218	0.081912663	0.052127033	0.42112148	-0.25260527	 9.9999614	5.9995555e-05	
2016-02-10-15-05-09	-0.21995265	0.10121622	0.081906703	0.052125841	0.42112029	-0.25261719	 9.9999805	3.8537885e-05	
2016-02-10-15-05-19	-0.21995265	0.10121265	0.081910279	0.052127033	0.42111552	-0.25261242	 9.9999853	4.2114163e-05	
2016-02-10-15-05-28	-0.21995027	0.10121026	0.081903127	0.052124649	0.42111313	-0.2526148	 9.9999746	4.3306256e-05	
2016-02-10-15-05-38	-0.21995146	0.10120788	0.081906703	0.052123457	0.42111075	-0.2526148	 9.9999722	4.4498349e-05	
2016-02-10-15-05-48	-0.21994788	0.10121503	0.081906703	0.052123457	0.42109883	-0.25261957	 9.9999626	4.8074627e-05	
2016-02-10-15-05-57	-0.21994669	0.10120788	0.081905511	0.05211988	0.42110598	-0.25261599	 9.9999757	4.8074627e-05	
2016-02-10-15-06-07	-0.21994669	 0.1012043	0.08189955	0.052117496	0.42110121	-0.25261361	  9.999965	5.0458813e-05	
2016-02-10-15-06-16	-0.21994431	0.10120907	0.081901935	0.052117496	0.42110836	-0.25261361	 9.9999638	5.8803462e-05	
2016-02-10-15-06-26	-0.21994431	0.10120192	0.081900743	0.052112728	0.42110717	-0.25261361	 9.9999877	3.7345792e-05	
2016-02-10-15-06-36	-0.21993954	0.10120669	0.08189955	0.052110343	0.42110956	-0.25261599	 9.9999769	4.092207e-05	
2016-02-10-15-06-45	-0.21994192	 0.1012043	0.08189955	0.052104383	0.42110479	-0.25261957	 9.9999746	4.092207e-05	
2016-02-10-15-06-55	-0.21994073	0.10121145	0.08189955	0.05211392	0.42111075	-0.25261719	 9.9999829	4.6882534e-05	
2016-02-10-15-07-04	-0.21994431	 0.1012043	0.081897166	0.052118688	0.42110717	-0.25261242	 9.9999686	4.8074627e-05	
2016-02-10-15-08-12	-0.22092421	0.096614744	0.082737592	0.15638866	0.14302649	-0.18874843	 9.9999603	4.8074627e-05	
2016-02-10-15-08-22	-0.22089083	0.096700575	0.082717326	0.15633263	0.14303007	-0.18874724	 9.9999555	5.0458813e-05	
2016-02-10-15-08-31	-0.22087533	0.096739914	0.082703021	0.15626111	0.14304676	-0.18874128	 9.9999638	5.4035091e-05	
2016-02-10-15-08-41	-0.22086579	0.096770908	0.082693484	0.15622058	0.14303841	-0.18874009	 9.9999567	6.2379741e-05	
2016-02-10-15-08-50	-0.22085387	0.096795942	0.08268514	0.15618481	0.14303722	-0.18873651	 9.9999722	4.3306256e-05	
2016-02-10-15-09-00	-0.22084911	0.096807863	0.082682755	0.15617647	0.14304318	-0.18873889	 9.9999757	4.092207e-05	
2016-02-10-15-09-10	-0.22084791	0.096822168	0.082676795	0.15615859	0.14303961	-0.18873651	 9.9999757	4.2114163e-05	
2016-02-10-15-09-19	-0.22084672	0.096834089	0.082672027	 0.1561419	0.14304199	-0.18875439	 9.9999662	4.926672e-05	
2016-02-10-15-09-29	-0.22084672	0.096848394	0.082672027	0.15613475	0.14304914	-0.18874843	 9.9999686	4.8074627e-05	
2016-02-10-15-09-39	-0.22084434	0.096854355	0.082670835	0.15612044	0.14303961	-0.18875081	  9.999965	4.926672e-05	
2016-02-10-15-09-48	-0.22083838	0.096865083	0.082666066	0.15610733	0.14303722	-0.18874605	 9.9999531	5.761137e-05	
2016-02-10-15-09-58	-0.22083242	0.096865083	0.08266845	0.15611448	0.14302053	-0.18874843	 9.9999376	6.2379741e-05	
2016-02-10-15-10-07	-0.22083122	0.096880581	0.082664874	0.15610017	0.14301934	-0.18875916	 9.9999722	3.9729978e-05	
2016-02-10-15-10-17	-0.2208348	0.096892502	0.082663682	0.15610375	 0.1430253	-0.18877227	 9.9999686	3.8537885e-05	
2016-02-10-15-10-27	-0.22083361	0.09689727	0.082664874	0.15608587	0.14302649	-0.18876631	 9.9999638	4.2114163e-05	
2016-02-10-15-10-36	-0.22082884	0.096900846	0.08266249	0.15607633	0.14302649	-0.18876989	 9.9999591	4.4498349e-05	
2016-02-10-15-10-46	-0.22083003	0.096905615	0.082660106	0.15607633	0.14303961	-0.1887687	 9.9999543	4.6882534e-05	
2016-02-10-15-10-55	-0.22083361	0.096904423	0.082660106	0.15603223	0.14303841	-0.1887675	 9.9999591	5.0458813e-05	
2016-02-10-15-11-05	-0.22082884	0.096915151	0.082657721	0.15602984	0.14302769	-0.18877108	 9.9999567	5.8803462e-05	
2016-02-10-15-11-15	-0.22083122	0.096913959	0.082658914	0.15603461	0.14302769	-0.1887675	 9.9999436	5.8803462e-05	
2016-02-10-15-11-24	-0.22083242	0.096928264	0.082656529	0.15601792	0.14303126	-0.1887687	 9.9999757	3.4961606e-05	
2016-02-10-15-11-34	-0.22082765	0.096930649	0.082658914	0.15602865	0.14303722	-0.18877108	 9.9999686	4.3306256e-05	
2016-02-10-15-11-43	-0.22083003	0.096935417	0.082656529	0.15602984	0.14303484	-0.18876512	 9.9999757	3.9729978e-05	
2016-02-10-15-11-53	-0.2208193	0.096941377	0.082656529	0.15602507	0.14302769	-0.18877704	  9.999965	4.6882534e-05	
2016-02-10-15-12-03	-0.22083122	0.096941377	0.08266249	0.15601792	0.14302649	-0.18876274	 9.9999638	4.8074627e-05	
2016-02-10-15-12-12	-0.22082407	0.096946146	0.082656529	0.15600481	0.14303484	-0.18876393	 9.9999567	4.5690442e-05	
2016-02-10-15-12-22	-0.22081811	0.096946146	0.082654145	0.15600004	0.14303603	-0.18876512	 9.9999614	5.4035091e-05	
2016-02-10-15-12-31	-0.22082288	0.096947338	0.082652953	0.15600004	0.14302769	-0.18876631	 9.9999555	5.9995555e-05	
2016-02-10-15-12-41	-0.22082407	0.096950914	0.082654145	0.15599885	0.14303603	-0.18876393	 9.9999531	3.4961606e-05	
2016-02-10-15-12-51	-0.22083599	0.09694257	0.082652953	0.15597143	0.14303722	-0.18874724	 9.9999734	3.9729978e-05	
2016-02-10-15-13-00	-0.22082407	0.096966411	0.082657721	 0.1559762	0.14304795	-0.18875439	  9.999965	4.4498349e-05	
2016-02-10-15-13-10	-0.2208205	0.096965219	0.082657721	0.15597858	 0.1430563	-0.18876512	 9.9999662	4.3306256e-05	
2016-02-10-15-13-19	-0.22078473	0.096985485	0.082655337	0.17238535	0.17391362	-0.18399913	 9.9999734	4.4498349e-05	
2016-02-10-15-13-29	-0.13673981	0.23954905	0.091946509	0.14011898	0.15590348	-0.18648703	 9.9999972	5.2842998e-05	
2016-02-10-15-13-39	0.019050034	0.099828626	0.076268104	0.29347099	-0.2146681	-0.43273883	 9.9999686	4.5690442e-05	
2016-02-10-15-13-48	-0.13778885	0.12886681	0.074518112	0.30111826	-0.21970112	-0.43858009	 9.9999507	5.6419277e-05	
2016-02-10-15-13-58	-0.17664392	0.044148356	0.028704793	 0.3193096	0.077877429	-0.32189924	 9.9999495	5.9995555e-05	
2016-02-10-15-14-07	-0.20990808	-0.11946042	0.085488942	0.33268011	-0.016731824	-0.38561898	 9.9999746	4.2114163e-05	
2016-02-10-15-14-17	-0.22043187	-0.1167341	0.025694759	0.32075561	-0.0023027324	-0.30039865	  9.999965	4.092207e-05	
2016-02-10-15-14-27	-0.095671017	-0.27257163	0.12719192	 0.2555684	0.12787499	-0.3131457	  9.999965	4.4498349e-05	
2016-02-10-15-14-36	-0.10745128	-0.26728708	0.055249124	0.26012219	0.12854376	-0.30347306	  9.999965	4.3306256e-05	
2016-02-10-15-14-46	-0.080569585	-0.25829632	0.020348223	0.25912441	0.12123861	-0.30628997	 9.9999638	4.6882534e-05	
2016-02-10-15-14-55	0.034485251	-0.2123316	0.15447774	0.28012074	 0.1229135	-0.36329823	 9.9999531	4.8074627e-05	
2016-02-10-15-15-05	-0.25179107	0.14632859	-0.056287847	0.28401412	0.11579194	-0.36455947	 9.9999448	5.0458813e-05	
2016-02-10-15-15-15	0.032099874	-0.28393346	0.0074676602	0.28455652	0.11877336	-0.36532122	 9.9999448	5.8803462e-05	
2016-02-10-15-15-24	0.11525311	 4.6068442	-1.868257e-05	0.28281368	0.11830964	-0.36588031	 9.9999698	3.8537885e-05	
2016-02-10-15-15-34	-7.9537344e-06	-1.9932704e-06	-2.9411405e-05	0.28269805	0.11763492	-0.36681848	 9.9999734	3.6153699e-05	
2016-02-10-15-15-43	-9.1458272e-06	3.909152e-07	-3.179559e-05	0.28273381	0.11773863	-0.36688167	 9.9999674	4.2114163e-05	
2016-02-10-15-15-53	-6.7616416e-06	-8.011776e-07	-3.179559e-05	 0.2827648	0.11788406	-0.36695796	 9.9999614	4.5690442e-05	
2016-02-10-15-16-03	-3.1853632e-06	-3.1853632e-06	-2.9411405e-05	 0.2827958	0.11796513	-0.36700087	 9.9999614	4.8074627e-05	
2016-02-10-15-16-12	-7.9537344e-06	-8.011776e-07	-2.8219312e-05	 0.2828399	0.11807718	-0.36705213	 9.9999531	4.926672e-05	
2016-02-10-15-16-22	-7.9537344e-06	3.9671936e-06	-2.7027219e-05	0.28285421	0.11817851	-0.36709743	 9.9999543	5.2842998e-05	
2016-02-10-15-16-31	-1.033792e-05	3.909152e-07	-3.2987683e-05	 0.2828852	0.11826673	-0.36712962	 9.9999471	5.5227184e-05	
2016-02-10-15-16-41	-1.1530013e-05	-4.377456e-06	-3.179559e-05	0.28291858	0.11837282	-0.36717254	 9.9999662	3.6153699e-05	
2016-02-10-15-16-51	-7.9537344e-06	-4.377456e-06	-3.0603498e-05	0.28294839	  0.118436	-0.36720711	 9.9999555	3.9729978e-05	
2016-02-10-15-17-00	-7.9537344e-06	-8.011776e-07	-3.179559e-05	0.28296627	0.11851826	-0.36724287	 9.9999662	4.3306256e-05	
2016-02-10-15-17-10	-5.5695488e-06	-1.9932704e-06	-3.2987683e-05	0.28299488	0.11859455	-0.36727386	 9.9999567	3.9729978e-05	
2016-02-10-15-17-20	-9.1458272e-06	-1.9932704e-06	-3.2987683e-05	0.28301276	0.11868634	-0.36730724	 9.9999424	4.2114163e-05	
2016-02-10-15-17-29	-7.9537344e-06	-5.5695488e-06	-3.4179776e-05	0.28303541	0.11876264	-0.36733943	 9.9999483	4.926672e-05	
2016-02-10-15-17-39	-1.033792e-05	-4.377456e-06	-3.179559e-05	0.28305448	0.11880674	-0.36736208	 9.9999495	5.6419277e-05	
2016-02-10-15-17-48	-7.9537344e-06	-3.1853632e-06	-3.2987683e-05	0.28307356	0.11885085	-0.36738711	 9.9999388	5.6419277e-05	
2016-02-10-15-17-58	-7.9537344e-06	1.583008e-06	-3.4179776e-05	 0.2830819	0.11889615	-0.36740023	 9.9999304	3.8537885e-05	
2016-02-10-15-18-08	-1.033792e-05	-1.9932704e-06	-3.6563962e-05	0.28310217	0.11894383	-0.36742645	 9.9999567	3.8537885e-05	
2016-02-10-15-18-17	-9.1458272e-06	-4.377456e-06	-3.4179776e-05	0.28310932	0.11896648	-0.36745745	 9.9999555	3.7345792e-05	
2016-02-10-15-18-27	-1.1530013e-05	-1.9932704e-06	-3.5371869e-05	0.28312482	0.11900225	-0.3674646	 9.9999591	3.9729978e-05	
2016-02-10-15-18-36	-9.1458272e-06	-8.011776e-07	-3.2987683e-05	0.20217933	0.23826159	-0.26695449	 9.9999424	4.3306256e-05	
2016-02-10-15-18-46	-7.9537344e-06	-1.9932704e-06	-4.014024e-05	0.11171856	-0.073436102	-0.20094831	 9.9999471	4.5690442e-05	
2016-02-10-15-18-56	-4.377456e-06	-1.9932704e-06	-3.179559e-05	0.20773567	0.28633274	0.12223043	 9.9999459	4.926672e-05	
2016-02-10-15-19-05	-6.7616416e-06	-1.9932704e-06	-4.1332333e-05	-0.12758215	-0.27572948	0.043092161	 9.9999281	5.4035091e-05	
2016-02-10-15-19-15	-1.9874662e-05	-5.5695488e-06	-2.2258848e-05	-0.12883623	-0.27139146	0.033040435	 9.9999269	5.9995555e-05	
2016-02-10-15-19-24	-6.7616416e-06	-1.9932704e-06	-4.1332333e-05	-0.12913187	-0.27122456	0.032544524	 9.9999448	3.7345792e-05	
2016-02-10-15-19-34	-9.1458272e-06	2.7751008e-06	-4.014024e-05	-0.12924631	-0.27111966	0.032483728	 9.9999448	3.8537885e-05	
2016-02-10-15-19-44	6.3513792e-06	-5.5695488e-06	-2.9411405e-05	-0.12937148	-0.27098376	0.032477767	   9.99994	3.8537885e-05	
2016-02-10-15-19-53	-1.033792e-05	-7.9537344e-06	-3.7756054e-05	-0.1294597	-0.27089078	0.032488496	 9.9999364	4.092207e-05	
2016-02-10-15-20-03	-7.9537344e-06	-3.1853632e-06	-3.6563962e-05	-0.12955029	-0.27079541	0.032498033	 9.9999436	3.9729978e-05	
2016-02-10-15-20-12	-9.1458272e-06	-4.377456e-06	-3.7756054e-05	-0.12963016	-0.27071435	0.032506377	 9.9999376	4.6882534e-05	
2016-02-10-15-20-22	-9.1458272e-06	-4.377456e-06	-2.9411405e-05	-0.12969692	-0.27064401	0.032509954	 9.9999364	5.6419277e-05	
2016-02-10-15-20-32	-1.1530013e-05	3.909152e-07	-3.6563962e-05	-0.12976726	-0.27057845	0.032517106	 9.9999257	5.9995555e-05	
2016-02-10-15-20-41	0.29343403	 9.9999972	0.12995162	-0.12981375	-0.27050454	0.032532603	 9.9999483	3.2577421e-05	
2016-02-10-15-20-51	2.5424864e-05	9.9276576e-06	-1.6298384e-05	-0.12989242	-0.27044732	0.032538564	 9.9999555	4.092207e-05	
2016-02-10-15-21-00	-4.848489e-05	1.7080214e-05	-2.7027219e-05	-0.1324888	-0.26990611	0.18633165	 9.9999531	3.9729978e-05	
2016-02-10-15-21-10	-1.033792e-05	-4.377456e-06	-3.4179776e-05	-0.16549904	-0.15883286	-0.30225116	 9.9999424	4.3306256e-05	
2016-02-10-15-21-20	-1.033792e-05	-8.011776e-07	-3.4179776e-05	-0.12761195	-0.099045831	-0.30659992	 9.9999412	4.4498349e-05	
2016-02-10-15-21-29	-1.033792e-05	1.583008e-06	-3.6563962e-05	-3.1853632e-06	-4.9676982e-05	-1.9932704e-06	 9.9999412	5.1650906e-05	
2016-02-10-15-21-39	-1.9932704e-06	-1.3914198e-05	-3.4179776e-05	-2.1066755e-05	-5.0869075e-05	-7.9537344e-06	 9.9999316	5.2842998e-05	
2016-02-10-15-21-48	-7.9537344e-06	-1.9932704e-06	-4.014024e-05	-1.7490477e-05	-4.6100704e-05	-6.7616416e-06	 9.9999197	5.761137e-05	
2016-02-10-15-21-58	-1.1530013e-05	3.909152e-07	-3.8948147e-05	-1.9874662e-05	-5.0869075e-05	-7.9537344e-06	 9.9999388	3.3769514e-05	
2016-02-10-15-22-08	-1.1530013e-05	-3.1853632e-06	-4.1332333e-05	-1.6298384e-05	-4.7292797e-05	-9.1458272e-06	   9.99994	3.8537885e-05	
2016-02-10-15-22-17	-1.3914198e-05	-1.9932704e-06	-4.014024e-05	-1.9874662e-05	-5.5637446e-05	-1.033792e-05	 9.9999388	3.4961606e-05	
2016-02-10-15-22-27	-1.1530013e-05	-4.377456e-06	-3.8948147e-05	-2.2258848e-05	-5.0869075e-05	-1.033792e-05	 9.9999293	3.9729978e-05	
2016-02-10-15-22-36	-1.033792e-05	-8.011776e-07	-4.1332333e-05	-2.4643034e-05	-4.9676982e-05	-5.5695488e-06	 9.9999293	4.926672e-05	
2016-02-10-15-22-46	-9.1458272e-06	-4.377456e-06	-3.8948147e-05	-2.1066755e-05	-5.4445354e-05	-1.033792e-05	 9.9999293	4.8074627e-05	
2016-02-10-15-22-56	-1.2722106e-05	-5.5695488e-06	-3.8948147e-05	-1.7490477e-05	-5.2061168e-05	-1.2722106e-05	 9.9999209	5.1650906e-05	
2016-02-10-15-23-05	-1.1530013e-05	-6.7616416e-06	-4.1332333e-05	-1.7490477e-05	-4.848489e-05	-9.1458272e-06	 9.9999209	5.6419277e-05	
2016-02-10-15-23-15	-7.9537344e-06	-4.377456e-06	-4.1332333e-05	-1.9874662e-05	-5.2061168e-05	-7.9537344e-06	 9.9999304	3.7345792e-05	
2016-02-10-15-23-24	-9.1458272e-06	-5.5695488e-06	-4.1332333e-05	-2.3450941e-05	-5.3253261e-05	-9.1458272e-06	 9.9999388	3.3769514e-05	
2016-02-10-15-23-34	-7.9537344e-06	-3.1853632e-06	-4.4908611e-05	-2.1066755e-05	-5.4445354e-05	-9.1458272e-06	 9.9999364	3.8537885e-05	
2016-02-10-15-23-44	-7.9537344e-06	-3.1853632e-06	-4.6100704e-05	-2.2258848e-05	-5.2061168e-05	-6.7616416e-06	 9.9999245	3.9729978e-05	
2016-02-10-15-23-53	-1.1530013e-05	-4.377456e-06	-4.1332333e-05	-1.868257e-05	-5.2061168e-05	-9.1458272e-06	 9.9999269	4.4498349e-05	
2016-02-10-15-24-03	-1.1530013e-05	-6.7616416e-06	-4.7292797e-05	-2.3450941e-05	-5.0869075e-05	-6.7616416e-06	 9.9999233	4.4498349e-05	
2016-02-10-15-24-12	-1.2722106e-05	-5.5695488e-06	-4.3716518e-05	-2.1066755e-05	-5.5637446e-05	-1.033792e-05	 9.9999638	4.4498349e-05	
2016-02-10-15-24-22	-1.1530013e-05	-9.1458272e-06	-4.2524426e-05	-2.2258848e-05	-5.6829539e-05	-7.9537344e-06	 9.9999161	5.1650906e-05	
2016-02-10-15-24-32	-1.2722106e-05	-4.377456e-06	-4.3716518e-05	-2.1066755e-05	-5.4445354e-05	-1.1530013e-05	  9.999903	5.761137e-05	
2016-02-10-15-24-41	-1.3914198e-05	-3.1853632e-06	-4.2524426e-05	-2.4643034e-05	-5.6829539e-05	-1.2722106e-05	 9.9999364	3.3769514e-05	
2016-02-10-15-24-51	-1.2722106e-05	-1.9932704e-06	-4.014024e-05	-1.9874662e-05	-5.5637446e-05	-7.9537344e-06	 9.9999328	3.7345792e-05	
2016-02-10-15-25-00	-1.2722106e-05	-4.377456e-06	-4.6100704e-05	-2.2258848e-05	-5.3253261e-05	-1.1530013e-05	 9.9999221	3.8537885e-05	
2016-02-10-15-25-10	-1.033792e-05	-8.011776e-07	-4.2524426e-05	-2.1066755e-05	-5.2061168e-05	-7.9537344e-06	 9.9999197	4.092207e-05	
2016-02-10-15-25-20	-1.1530013e-05	-5.5695488e-06	-4.6100704e-05	-2.3450941e-05	-5.6829539e-05	-9.1458272e-06	 9.9999161	4.3306256e-05	
2016-02-10-15-25-29	-1.1530013e-05	-4.377456e-06	-4.3716518e-05	-2.3450941e-05	-5.6829539e-05	-1.033792e-05	 9.9999078	4.5690442e-05	
2016-02-10-15-25-39	-1.1530013e-05	-6.7616416e-06	-4.4908611e-05	-1.9874662e-05	-5.3253261e-05	-1.2722106e-05	 9.9999078	5.2842998e-05	
2016-02-10-15-25-49	-1.2722106e-05	-4.377456e-06	-4.848489e-05	-1.9874662e-05	-5.6829539e-05	-1.3914198e-05	 9.9998971	3.1385328e-05	
2016-02-10-15-25-58	-1.033792e-05	-1.9932704e-06	-4.4908611e-05	-1.9874662e-05	-5.9213725e-05	-4.377456e-06	 9.9999245	3.6153699e-05	
2016-02-10-15-26-08	-1.5106291e-05	-6.7616416e-06	-4.6100704e-05	-2.3450941e-05	-5.8021632e-05	-9.1458272e-06	 9.9999257	3.6153699e-05	
2016-02-10-15-26-17	-1.1530013e-05	-6.7616416e-06	-4.7292797e-05	-2.5835126e-05	-5.6829539e-05	-1.2722106e-05	 9.9999269	3.8537885e-05	
2016-02-10-15-26-27	-1.3914198e-05	-4.377456e-06	-4.6100704e-05	-2.3450941e-05	-5.8021632e-05	-1.2722106e-05	 9.9999316	4.2114163e-05	
2016-02-10-15-26-37	-1.2722106e-05	-3.1853632e-06	-4.848489e-05	-2.1066755e-05	-6.0405818e-05	-1.3914198e-05	 9.9999281	4.3306256e-05	
2016-02-10-15-26-46	-1.1530013e-05	-3.1853632e-06	-4.4908611e-05	-2.3450941e-05	-5.8021632e-05	-7.9537344e-06	 9.9999257	5.1650906e-05	
2016-02-10-15-26-56	-1.033792e-05	-4.377456e-06	-4.7292797e-05	-2.3450941e-05	-5.8021632e-05	-6.7616416e-06	  9.999915	5.2842998e-05	
2016-02-10-15-27-05	-7.9537344e-06	-3.1853632e-06	-4.848489e-05	-2.2258848e-05	-5.6829539e-05	-1.1530013e-05	 9.9999066	6.4763926e-05	
2016-02-10-15-27-15	-1.6298384e-05	-3.1853632e-06	-4.7292797e-05	-2.2258848e-05	-6.159791e-05	-1.033792e-05	 9.9999316	2.9001142e-05	
2016-02-10-15-27-25	-9.1458272e-06	-5.5695488e-06	-5.3253261e-05	-2.4643034e-05	-6.159791e-05	-1.2722106e-05	 9.9999293	3.7345792e-05	
2016-02-10-15-27-34	-1.2722106e-05	-5.5695488e-06	-5.0869075e-05	-2.7027219e-05	-6.3982096e-05	-1.1530013e-05	 9.9999221	3.8537885e-05	
2016-02-10-15-27-44	-1.6298384e-05	-4.377456e-06	-4.848489e-05	-2.1066755e-05	-6.159791e-05	-1.2722106e-05	 9.9999185	4.092207e-05	
2016-02-10-15-27-53	-1.2722106e-05	-3.1853632e-06	-4.7292797e-05	-2.3450941e-05	-5.9213725e-05	-1.1530013e-05	 9.9999161	4.092207e-05	
2016-02-10-15-28-03	-1.033792e-05	-1.9932704e-06	-4.7292797e-05	-2.2258848e-05	-6.159791e-05	-1.033792e-05	 9.9999114	4.5690442e-05	
2016-02-10-15-28-13	-1.2722106e-05	-6.7616416e-06	-4.848489e-05	-2.8219312e-05	-6.2790003e-05	-1.033792e-05	  9.999903	5.0458813e-05	
2016-02-10-15-28-22	-1.1530013e-05	-6.7616416e-06	-5.0869075e-05	-2.1066755e-05	-6.159791e-05	-1.033792e-05	 9.9998935	5.6419277e-05	
2016-02-10-15-28-32	-1.3914198e-05	-5.5695488e-06	-4.9676982e-05	-1.9874662e-05	-6.0405818e-05	-9.1458272e-06	 9.9999245	3.2577421e-05	
2016-02-10-15-28-41	-1.5106291e-05	-6.7616416e-06	-4.848489e-05	-2.4643034e-05	-5.9213725e-05	-1.1530013e-05	 9.9999221	3.2577421e-05	
2016-02-10-15-28-51	-1.2722106e-05	-3.1853632e-06	-5.2061168e-05	-2.2258848e-05	-6.3982096e-05	-1.2722106e-05	 9.9999114	3.7345792e-05	
2016-02-10-15-29-01	-1.3914198e-05	-1.9932704e-06	-5.2061168e-05	-2.3450941e-05	-6.5174189e-05	-1.033792e-05	 9.9999018	4.092207e-05	
2016-02-10-15-29-10	-1.1530013e-05	-1.9932704e-06	-4.9676982e-05	-2.3450941e-05	-6.3982096e-05	-9.1458272e-06	 9.9999185	4.5690442e-05	
2016-02-10-15-29-20	-1.3914198e-05	-3.1853632e-06	-5.0869075e-05	-2.5835126e-05	-6.159791e-05	-7.9537344e-06	 9.9999006	4.092207e-05	
2016-02-10-15-29-29	-1.033792e-05	-5.5695488e-06	-5.0869075e-05	-2.5835126e-05	-6.5174189e-05	-1.1530013e-05	 9.9999042	4.926672e-05	
2016-02-10-15-29-39	-1.2722106e-05	-4.377456e-06	-5.2061168e-05	-2.2258848e-05	-6.2790003e-05	-1.033792e-05	 9.9998923	5.761137e-05	
2016-02-10-15-29-49	-1.3914198e-05	-3.1853632e-06	-4.9676982e-05	-2.7027219e-05	-6.159791e-05	-9.1458272e-06	 9.9999078	3.2577421e-05	
2016-02-10-15-29-58	-1.1530013e-05	-4.377456e-06	-5.2061168e-05	-2.3450941e-05	-6.3982096e-05	-1.2722106e-05	 9.9999102	3.3769514e-05	
2016-02-10-15-30-08	-1.868257e-05	-4.377456e-06	-5.2061168e-05	-2.5835126e-05	-6.5174189e-05	-1.033792e-05	  9.999915	3.3769514e-05	
2016-02-10-15-30-17	-1.2722106e-05	-4.377456e-06	-5.0869075e-05	-2.7027219e-05	-6.5174189e-05	-1.3914198e-05	  9.999903	4.2114163e-05	
2016-02-10-15-30-27	-1.2722106e-05	-4.377456e-06	-5.5637446e-05	-2.5835126e-05	-6.8750467e-05	-1.1530013e-05	 9.9998947	3.9729978e-05	
2016-02-10-15-30-37	-1.5106291e-05	-7.9537344e-06	-5.6829539e-05	-2.5835126e-05	-6.3982096e-05	-1.2722106e-05	 9.9998923	4.4498349e-05	
2016-02-10-15-30-46	-1.6298384e-05	-6.7616416e-06	-5.2061168e-05	-2.5835126e-05	-6.5174189e-05	-1.1530013e-05	  9.999884	4.926672e-05	
2016-02-10-15-30-56	-1.1530013e-05	-5.5695488e-06	-5.0869075e-05	-2.9411405e-05	-6.5174189e-05	-1.033792e-05	 9.9998971	5.2842998e-05	
2016-02-10-15-31-05	-1.5106291e-05	-4.377456e-06	-5.4445354e-05	-2.4643034e-05	-6.7558374e-05	-9.1458272e-06	 9.9999102	3.1385328e-05	
2016-02-10-15-31-15	-1.3914198e-05	-6.7616416e-06	-5.8021632e-05	-2.4643034e-05	-6.8750467e-05	-1.2722106e-05	 9.9999054	3.1385328e-05	
2016-02-10-15-31-25	-1.6298384e-05	-6.7616416e-06	-5.0869075e-05	-2.2258848e-05	-6.8750467e-05	-1.2722106e-05	  9.999903	3.6153699e-05	
2016-02-10-15-31-34	-1.868257e-05	-7.9537344e-06	-5.3253261e-05	-2.3450941e-05	-6.7558374e-05	-7.9537344e-06	  9.999903	3.7345792e-05	
2016-02-10-15-31-44	-1.3914198e-05	-4.377456e-06	-5.9213725e-05	-2.7027219e-05	-6.6366282e-05	-1.033792e-05	 9.9998947	3.8537885e-05	
2016-02-10-15-31-53	-1.6298384e-05	-6.7616416e-06	-5.3253261e-05	-2.5835126e-05	-6.8750467e-05	-1.033792e-05	 9.9998911	4.092207e-05	
2016-02-10-15-32-03	-1.6298384e-05	-1.1530013e-05	-5.6829539e-05	-2.3450941e-05	-6.2790003e-05	-1.5106291e-05	 9.9998816	4.5690442e-05	
2016-02-10-15-32-13	-1.3914198e-05	-5.5695488e-06	-5.9213725e-05	-2.8219312e-05	-6.8750467e-05	-1.2722106e-05	 9.9998792	5.1650906e-05	
2016-02-10-15-32-22	-1.3914198e-05	-5.5695488e-06	-5.8021632e-05	-2.4643034e-05	-6.6366282e-05	-1.1530013e-05	  9.999872	3.0193235e-05	
2016-02-10-15-32-32	-1.2722106e-05	-9.1458272e-06	-5.5637446e-05	-2.9411405e-05	-7.1134653e-05	-9.1458272e-06	 9.9998971	2.9001142e-05	
2016-02-10-15-32-41	-1.6298384e-05	-5.5695488e-06	-5.5637446e-05	-2.5835126e-05	-6.8750467e-05	-1.033792e-05	 9.9998959	3.6153699e-05	
2016-02-10-15-32-51	-1.1530013e-05	-3.1853632e-06	-5.8021632e-05	-2.2258848e-05	-6.6366282e-05	-1.2722106e-05	 9.9998816	3.7345792e-05	
2016-02-10-15-33-01	-1.2722106e-05	-4.377456e-06	-5.9213725e-05	-2.7027219e-05	-6.8750467e-05	-1.1530013e-05	 9.9998911	3.4961606e-05	
2016-02-10-15-33-10	-1.5106291e-05	-5.5695488e-06	-5.6829539e-05	-2.4643034e-05	-6.8750467e-05	-1.3914198e-05	  9.999884	4.3306256e-05	
2016-02-10-15-33-20	-1.3914198e-05	-1.9932704e-06	-5.8021632e-05	-2.3450941e-05	-6.7558374e-05	-1.033792e-05	 9.9998851	4.8074627e-05	
2016-02-10-15-33-30	-1.3914198e-05	-7.9537344e-06	-5.5637446e-05	-2.8219312e-05	-6.994256e-05	-1.2722106e-05	 9.9998756	5.1650906e-05	
2016-02-10-15-33-39	-1.5106291e-05	-6.7616416e-06	-5.9213725e-05	-2.9411405e-05	-7.1134653e-05	-1.3914198e-05	 9.9998732	5.6419277e-05	
2016-02-10-15-33-49	-1.1530013e-05	-7.9537344e-06	-6.0405818e-05	-2.4643034e-05	-6.7558374e-05	-1.033792e-05	 9.9998804	3.3769514e-05	
2016-02-10-15-33-58	-1.5106291e-05	-6.7616416e-06	-5.9213725e-05	-2.5835126e-05	-6.994256e-05	-9.1458272e-06	 9.9998887	3.7345792e-05	
2016-02-10-15-34-08	-1.1530013e-05	-6.7616416e-06	-6.0405818e-05	-2.4643034e-05	-6.994256e-05	-7.9537344e-06	 9.9998911	3.8537885e-05	
2016-02-10-15-34-18	-1.3914198e-05	-5.5695488e-06	-6.0405818e-05	-2.5835126e-05	-7.1134653e-05	-9.1458272e-06	 9.9998816	4.092207e-05	
2016-02-10-15-34-27	-1.6298384e-05	-6.7616416e-06	-6.2790003e-05	-2.3450941e-05	-6.994256e-05	-1.1530013e-05	 9.9998732	3.8537885e-05	
2016-02-10-15-34-37	-1.1530013e-05	-6.7616416e-06	-5.5637446e-05	-2.7027219e-05	-6.994256e-05	-1.033792e-05	 9.9998673	4.3306256e-05	
2016-02-10-15-34-46	-1.6298384e-05	-4.377456e-06	-5.8021632e-05	-2.4643034e-05	-7.4710931e-05	-1.2722106e-05	 9.9998708	4.5690442e-05	
2016-02-10-15-34-56	-1.5106291e-05	-1.1530013e-05	-5.8021632e-05	-2.9411405e-05	-7.1134653e-05	-1.3914198e-05	 9.9998601	5.5227184e-05	
2016-02-10-15-35-06	-1.6298384e-05	-7.9537344e-06	-5.9213725e-05	-2.8219312e-05	-6.994256e-05	-1.3914198e-05	 9.9998923	3.0193235e-05	
2016-02-10-15-35-15	-1.3914198e-05	-1.9932704e-06	-5.9213725e-05	-3.179559e-05	-7.2326746e-05	-1.033792e-05	 9.9998899	3.1385328e-05	
2016-02-10-15-35-25	-1.6298384e-05	-3.1853632e-06	-6.0405818e-05	-2.7027219e-05	-7.2326746e-05	-1.033792e-05	 9.9998947	3.3769514e-05	
2016-02-10-15-35-34	-1.6298384e-05	-7.9537344e-06	-6.3982096e-05	-2.7027219e-05	-7.7095117e-05	-1.1530013e-05	 9.9998875	3.8537885e-05	
2016-02-10-15-35-44	-1.3914198e-05	-9.1458272e-06	-6.2790003e-05	-2.9411405e-05	-7.4710931e-05	-1.2722106e-05	 9.9998887	3.9729978e-05	
2016-02-10-15-35-54	-1.6298384e-05	-5.5695488e-06	-6.159791e-05	-2.9411405e-05	-7.1134653e-05	-1.033792e-05	 9.9998708	4.092207e-05	
2016-02-10-15-36-03	-1.7490477e-05	-6.7616416e-06	-6.0405818e-05	-2.7027219e-05	-7.5903024e-05	-1.5106291e-05	 9.9998673	4.5690442e-05	
2016-02-10-15-36-13	-1.7490477e-05	-1.033792e-05	-6.0405818e-05	-2.9411405e-05	-7.4710931e-05	-6.7616416e-06	 9.9998685	5.1650906e-05	
2016-02-10-15-36-22	-1.5106291e-05	-5.5695488e-06	-6.159791e-05	-3.0603498e-05	-7.3518838e-05	-1.2722106e-05	 9.9998887	2.780905e-05	
2016-02-10-15-36-32	-1.6298384e-05	-6.7616416e-06	-6.2790003e-05	-2.7027219e-05	-7.828721e-05	-1.2722106e-05	 9.9998768	3.3769514e-05	
2016-02-10-15-36-42	-1.3914198e-05	-9.1458272e-06	-6.0405818e-05	-3.0603498e-05	-7.5903024e-05	-1.1530013e-05	 9.9998851	3.6153699e-05	
2016-02-10-15-36-51	-1.3914198e-05	-6.7616416e-06	-6.159791e-05	-2.7027219e-05	-7.828721e-05	-9.1458272e-06	 9.9998863	3.8537885e-05	
2016-02-10-15-37-01	-1.868257e-05	-7.9537344e-06	-6.2790003e-05	-2.8219312e-05	-7.3518838e-05	-1.1530013e-05	 9.9998863	3.6153699e-05	
2016-02-10-15-37-10	-1.7490477e-05	-1.2722106e-05	-6.159791e-05	-2.7027219e-05	-7.7095117e-05	-1.5106291e-05	  9.999878	4.092207e-05	
2016-02-10-15-37-20	-1.868257e-05	-7.9537344e-06	-6.6366282e-05	-2.9411405e-05	-7.4710931e-05	-1.3914198e-05	  9.999872	4.5690442e-05	
2016-02-10-15-37-30	-2.1066755e-05	-9.1458272e-06	-6.2790003e-05	-2.8219312e-05	-7.4710931e-05	-1.033792e-05	 9.9998697	5.1650906e-05	
2016-02-10-15-37-39	-1.6298384e-05	-5.5695488e-06	-6.3982096e-05	-2.9411405e-05	-7.5903024e-05	-1.6298384e-05	 9.9999018	2.9001142e-05	
2016-02-10-15-37-49	-1.7490477e-05	-6.7616416e-06	-6.5174189e-05	-2.9411405e-05	-7.7095117e-05	-1.2722106e-05	 9.9998935	3.0193235e-05	
2016-02-10-15-37-58	-1.6298384e-05	-7.9537344e-06	-6.159791e-05	-2.8219312e-05	-7.7095117e-05	-1.5106291e-05	 9.9998863	3.3769514e-05	
2016-02-10-15-38-08	-1.9874662e-05	-7.9537344e-06	-6.5174189e-05	-2.8219312e-05	-7.3518838e-05	-1.6298384e-05	 9.9998851	3.3769514e-05	
2016-02-10-15-38-18	-1.868257e-05	-7.9537344e-06	-6.6366282e-05	-3.179559e-05	-7.828721e-05	-1.5106291e-05	  9.999872	3.6153699e-05	
2016-02-10-15-38-27	-1.7490477e-05	-7.9537344e-06	-6.5174189e-05	-3.4179776e-05	-8.0671395e-05	-1.5106291e-05	 9.9998649	3.8537885e-05	
2016-02-10-15-38-37	-1.868257e-05	-5.5695488e-06	-6.6366282e-05	-2.8219312e-05	-8.1863488e-05	-1.3914198e-05	 9.9998601	4.2114163e-05	
2016-02-10-15-38-46	-1.6298384e-05	-1.2722106e-05	-6.6366282e-05	-2.9411405e-05	-8.0671395e-05	-1.7490477e-05	 9.9998577	4.926672e-05	
2016-02-10-15-38-56	-2.1066755e-05	-7.9537344e-06	-6.5174189e-05	-3.0603498e-05	-7.828721e-05	-1.2722106e-05	 9.9998697	3.1385328e-05	
2016-02-10-15-39-06	-1.9874662e-05	-1.3914198e-05	-6.3982096e-05	-2.7027219e-05	-8.0671395e-05	-1.2722106e-05	 9.9998756	3.0193235e-05	
2016-02-10-15-39-15	-1.7490477e-05	-1.033792e-05	-6.159791e-05	-2.9411405e-05	-8.0671395e-05	-1.868257e-05	 9.9998697	3.2577421e-05	
2016-02-10-15-39-25	-1.868257e-05	-1.033792e-05	-6.7558374e-05	-3.0603498e-05	-8.1863488e-05	-1.3914198e-05	  9.999872	3.6153699e-05	
2016-02-10-15-39-34	-1.868257e-05	-1.033792e-05	-6.8750467e-05	-3.0603498e-05	-8.0671395e-05	-1.6298384e-05	 9.9998625	3.7345792e-05	
2016-02-10-15-39-44	-1.868257e-05	-1.033792e-05	-6.8750467e-05	-3.0603498e-05	-7.7095117e-05	-1.6298384e-05	 9.9998744	3.9729978e-05	
2016-02-10-15-39-54	-1.6298384e-05	-9.1458272e-06	-6.7558374e-05	-2.8219312e-05	-7.9479302e-05	-1.3914198e-05	  9.999847	4.6882534e-05	
2016-02-10-15-40-03	-1.5106291e-05	-9.1458272e-06	-6.7558374e-05	-3.0603498e-05	-7.9479302e-05	-1.7490477e-05	  9.999853	5.0458813e-05	
2016-02-10-15-40-13	-1.6298384e-05	-6.7616416e-06	-6.2790003e-05	-2.9411405e-05	-7.9479302e-05	-1.3914198e-05	 9.9998446	2.780905e-05	
2016-02-10-15-40-22	-1.9874662e-05	-6.7616416e-06	-6.7558374e-05	-3.179559e-05	-8.0671395e-05	-1.1530013e-05	 9.9998661	3.0193235e-05	
2016-02-10-15-40-32	-2.1066755e-05	-7.9537344e-06	-6.6366282e-05	-3.179559e-05	-8.6631859e-05	-1.3914198e-05	 9.9998589	3.1385328e-05	
2016-02-10-15-40-42	-1.6298384e-05	-7.9537344e-06	-6.8750467e-05	-3.0603498e-05	-7.9479302e-05	-1.1530013e-05	 9.9998673	3.4961606e-05	
2016-02-10-15-40-51	-1.868257e-05	-6.7616416e-06	-6.6366282e-05	-3.2987683e-05	-8.3055581e-05	-1.5106291e-05	 9.9998542	3.4961606e-05	
2016-02-10-15-41-01	-1.6298384e-05	-6.7616416e-06	-6.994256e-05	-3.0603498e-05	-8.4247674e-05	-1.3914198e-05	 9.9998506	3.6153699e-05	
2016-02-10-15-41-11	-2.1066755e-05	-7.9537344e-06	-6.7558374e-05	-3.0603498e-05	-8.3055581e-05	-1.5106291e-05	 9.9998565	4.4498349e-05	
2016-02-10-15-41-20	-2.1066755e-05	-5.5695488e-06	-6.7558374e-05	-3.179559e-05	-8.1863488e-05	-1.7490477e-05	 9.9998518	4.926672e-05	
2016-02-10-15-41-30	-2.2258848e-05	-1.033792e-05	-6.994256e-05	-3.2987683e-05	-8.3055581e-05	-1.1530013e-05	 9.9998363	5.4035091e-05	
2016-02-10-15-41-39	-1.7490477e-05	-9.1458272e-06	-6.8750467e-05	-3.179559e-05	-8.5439766e-05	-1.6298384e-05	 9.9998625	3.1385328e-05	
2016-02-10-15-41-49	-1.9874662e-05	-7.9537344e-06	-7.1134653e-05	-3.4179776e-05	-8.4247674e-05	-1.5106291e-05	 9.9998553	3.2577421e-05	
2016-02-10-15-41-59	-1.868257e-05	-9.1458272e-06	-6.994256e-05	-3.5371869e-05	-8.5439766e-05	-1.3914198e-05	 9.9998685	3.2577421e-05	
2016-02-10-15-42-08	-1.868257e-05	-6.7616416e-06	-7.1134653e-05	-2.9411405e-05	-8.3055581e-05	-1.5106291e-05	 9.9998661	3.3769514e-05	
2016-02-10-15-42-18	-1.7490477e-05	-9.1458272e-06	-6.994256e-05	-2.9411405e-05	-8.3055581e-05	-1.3914198e-05	 9.9998589	3.7345792e-05	
2016-02-10-15-42-27	-1.868257e-05	-9.1458272e-06	-7.1134653e-05	-3.179559e-05	-8.7823952e-05	-1.1530013e-05	 9.9998494	4.3306256e-05	
2016-02-10-15-42-37	-2.1066755e-05	-9.1458272e-06	-7.3518838e-05	-3.179559e-05	-8.6631859e-05	-1.3914198e-05	 9.9998446	4.6882534e-05	
2016-02-10-15-42-47	-1.7490477e-05	-1.3914198e-05	-7.4710931e-05	-3.0603498e-05	-9.0208138e-05	-1.6298384e-05	 9.9998315	5.4035091e-05	
2016-02-10-15-42-56	-1.9874662e-05	-5.5695488e-06	-6.8750467e-05	-3.2987683e-05	-9.0208138e-05	-1.2722106e-05	 9.9998601	2.6616957e-05	
2016-02-10-15-43-06	-1.9874662e-05	-1.1530013e-05	-7.2326746e-05	-3.2987683e-05	-8.6631859e-05	-1.5106291e-05	 9.9998565	2.9001142e-05	
2016-02-10-15-43-15	-1.9874662e-05	-6.7616416e-06	-6.8750467e-05	-3.4179776e-05	-8.7823952e-05	-1.7490477e-05	  9.999853	3.3769514e-05	
2016-02-10-15-43-25	-1.9874662e-05	-1.033792e-05	-6.8750467e-05	-3.0603498e-05	-8.4247674e-05	-1.5106291e-05	 9.9998601	3.1385328e-05	
2016-02-10-15-43-35	-1.7490477e-05	-5.5695488e-06	-7.2326746e-05	-2.8219312e-05	-8.5439766e-05	-1.6298384e-05	 9.9998434	3.7345792e-05	
2016-02-10-15-43-44	-1.9874662e-05	-1.2722106e-05	-7.2326746e-05	-3.4179776e-05	-8.5439766e-05	-1.3914198e-05	 9.9998446	4.2114163e-05	
2016-02-10-15-43-54	-1.9874662e-05	-1.1530013e-05	-7.3518838e-05	-3.2987683e-05	-8.4247674e-05	-1.6298384e-05	 9.9998375	4.4498349e-05	
2016-02-10-15-44-03	-2.1066755e-05	-6.7616416e-06	-7.4710931e-05	-3.5371869e-05	-8.9016045e-05	-1.7490477e-05	 9.9998327	5.5227184e-05	
2016-02-10-15-44-13	-1.9874662e-05	-1.1530013e-05	-7.828721e-05	-3.5371869e-05	-9.140023e-05	-1.6298384e-05	 9.9998601	3.1385328e-05	
2016-02-10-15-44-23	-1.868257e-05	-1.033792e-05	-7.1134653e-05	-3.4179776e-05	-9.140023e-05	-1.5106291e-05	 9.9998482	3.0193235e-05	
2016-02-10-15-44-32	-2.2258848e-05	-7.9537344e-06	-7.2326746e-05	-3.179559e-05	-9.140023e-05	-1.3914198e-05	 9.9998387	3.1385328e-05	
2016-02-10-15-44-42	-1.9874662e-05	-1.2722106e-05	-7.2326746e-05	-3.0603498e-05	-9.140023e-05	-1.868257e-05	 9.9998422	3.4961606e-05	
2016-02-10-15-44-51	-2.2258848e-05	-1.1530013e-05	-7.4710931e-05	-3.2987683e-05	-8.7823952e-05	-1.3914198e-05	  9.999841	3.8537885e-05	
2016-02-10-15-45-01	-2.1066755e-05	-7.9537344e-06	-7.4710931e-05	-3.4179776e-05	-9.2592323e-05	-1.7490477e-05	 9.9998422	3.6153699e-05	
2016-02-10-15-45-11	-2.1066755e-05	-7.9537344e-06	-7.3518838e-05	-3.4179776e-05	-9.140023e-05	-1.3914198e-05	 9.9998303	4.4498349e-05	
2016-02-10-15-45-20	-2.1066755e-05	-1.1530013e-05	-7.3518838e-05	-3.2987683e-05	-9.0208138e-05	-1.2722106e-05	 9.9998267	5.1650906e-05	
2016-02-10-15-45-30	-2.1066755e-05	-1.1530013e-05	-7.3518838e-05	-3.5371869e-05	-9.3784416e-05	-1.868257e-05	 9.9998577	3.1385328e-05	
2016-02-10-15-45-39	-1.868257e-05	-7.9537344e-06	-7.9479302e-05	-3.8948147e-05	-9.2592323e-05	-1.6298384e-05	 9.9998553	2.9001142e-05	
2016-02-10-15-45-49	-2.3450941e-05	-9.1458272e-06	-7.4710931e-05	-3.4179776e-05	-9.2592323e-05	-1.868257e-05	 9.9998398	2.9001142e-05	
2016-02-10-15-45-59	-1.9874662e-05	-7.9537344e-06	-7.2326746e-05	-3.2987683e-05	-9.2592323e-05	-1.5106291e-05	  9.999847	3.0193235e-05	
2016-02-10-15-46-08	-1.6298384e-05	-1.3914198e-05	-7.3518838e-05	-3.179559e-05	-9.7360694e-05	-1.6298384e-05	  9.999841	3.9729978e-05	
2016-02-10-15-46-18	-1.868257e-05	-1.1530013e-05	-7.5903024e-05	-3.7756054e-05	-9.3784416e-05	-1.3914198e-05	 9.9998482	3.8537885e-05	
2016-02-10-15-46-27	-2.2258848e-05	-6.7616416e-06	-7.7095117e-05	-3.6563962e-05	-9.3784416e-05	-1.7490477e-05	 9.9998339	4.092207e-05	
2016-02-10-15-46-37	-2.3450941e-05	-1.2722106e-05	-7.7095117e-05	-3.4179776e-05	-9.3784416e-05	-1.2722106e-05	 9.9998232	5.0458813e-05	
2016-02-10-15-46-47	-2.1066755e-05	-1.2722106e-05	-7.4710931e-05	-3.6563962e-05	-9.140023e-05	-1.868257e-05	 9.9998375	3.0193235e-05	
2016-02-10-15-46-56	-1.868257e-05	-1.2722106e-05	-7.828721e-05	-3.5371869e-05	-9.3784416e-05	-1.9874662e-05	 9.9998303	2.9001142e-05	
2016-02-10-15-47-06	-1.9874662e-05	-7.9537344e-06	-7.3518838e-05	-3.5371869e-05	-9.3784416e-05	-1.6298384e-05	 9.9998339	2.9001142e-05	
2016-02-10-15-47-15	-2.2258848e-05	-1.1530013e-05	-7.5903024e-05	-3.5371869e-05	-9.2592323e-05	-1.7490477e-05	 9.9998422	3.0193235e-05	
2016-02-10-15-47-25	-2.3450941e-05	-1.2722106e-05	-7.4710931e-05	-3.0603498e-05	-9.6168602e-05	-1.7490477e-05	 9.9998363	3.3769514e-05	
2016-02-10-15-47-35	-2.4643034e-05	-1.1530013e-05	-7.9479302e-05	-3.4179776e-05	-9.6168602e-05	-1.7490477e-05	 9.9998255	4.092207e-05	
2016-02-10-15-47-44	-2.2258848e-05	-1.033792e-05	-7.7095117e-05	-3.6563962e-05	-9.140023e-05	-1.6298384e-05	 9.9998244	4.2114163e-05	
2016-02-10-15-47-54	-2.2258848e-05	-6.7616416e-06	-7.7095117e-05	-3.4179776e-05	-9.6168602e-05	-1.7490477e-05	 9.9998089	5.0458813e-05	
2016-02-10-15-48-03	-2.3450941e-05	-1.2722106e-05	-7.7095117e-05	-3.7756054e-05	-9.6168602e-05	-1.7490477e-05	 9.9998363	2.780905e-05	
2016-02-10-15-48-13	-2.3450941e-05	-1.1530013e-05	-7.7095117e-05	-3.6563962e-05	-9.4976509e-05	-1.9874662e-05	 9.9998375	2.780905e-05	
2016-02-10-15-48-23	-1.868257e-05	-9.1458272e-06	-7.5903024e-05	-3.7756054e-05	-9.7360694e-05	-1.9874662e-05	 9.9998375	2.9001142e-05	
2016-02-10-15-48-32	-2.2258848e-05	-1.1530013e-05	-7.828721e-05	-3.6563962e-05	-9.8552787e-05	-1.868257e-05	 9.9998315	3.1385328e-05	
2016-02-10-15-48-42	-2.3450941e-05	-1.2722106e-05	-7.7095117e-05	-3.6563962e-05	-9.7360694e-05	-1.2722106e-05	 9.9998279	3.4961606e-05	
2016-02-10-15-48-52	-2.3450941e-05	-1.2722106e-05	-7.9479302e-05	-3.7756054e-05	-9.4976509e-05	-1.7490477e-05	 9.9998244	3.4961606e-05	
2016-02-10-15-49-01	-2.1066755e-05	-1.2722106e-05	-7.828721e-05	-3.2987683e-05	-9.974488e-05	-1.6298384e-05	 9.9998196	4.2114163e-05	
2016-02-10-15-49-11	-1.868257e-05	-1.1530013e-05	-7.9479302e-05	-3.6563962e-05	-9.6168602e-05	-1.9874662e-05	  9.999816	4.8074627e-05	
2016-02-10-15-49-20	-2.4643034e-05	-1.2722106e-05	-7.828721e-05	-4.1332333e-05	-9.8552787e-05	-1.5106291e-05	 9.9998351	2.3040678e-05	
2016-02-10-15-49-30	-2.1066755e-05	-1.2722106e-05	-7.9479302e-05	-4.014024e-05	-9.8552787e-05	-1.868257e-05	 9.9998303	2.5424864e-05	
2016-02-10-15-49-40	-2.4643034e-05	-1.033792e-05	-8.0671395e-05	-4.014024e-05	-0.00010332116	-1.6298384e-05	 9.9998327	2.780905e-05	
2016-02-10-15-49-49	-2.2258848e-05	-1.2722106e-05	-8.0671395e-05	-3.4179776e-05	-0.00010451325	-1.868257e-05	 9.9998363	2.9001142e-05	
2016-02-10-15-49-59	-2.2258848e-05	-1.033792e-05	-7.7095117e-05	-4.014024e-05	-9.8552787e-05	-1.6298384e-05	 9.9998208	3.2577421e-05	
2016-02-10-15-50-08	-2.3450941e-05	-1.2722106e-05	-8.1863488e-05	-3.7756054e-05	-0.00010332116	-1.9874662e-05	 9.9998244	3.8537885e-05	
2016-02-10-15-50-18	-2.2258848e-05	-1.2722106e-05	-8.3055581e-05	-3.7756054e-05	-0.00010093697	-1.9874662e-05	 9.9998065	3.7345792e-05	
2016-02-10-15-50-28	-2.3450941e-05	-1.1530013e-05	-8.1863488e-05	-3.8948147e-05	-0.00010093697	-1.6298384e-05	 9.9998005	4.5690442e-05	
2016-02-10-15-50-37	-2.2258848e-05	-1.033792e-05	-7.828721e-05	-3.8948147e-05	-9.6168602e-05	-1.7490477e-05	 9.9997993	2.4232771e-05	
2016-02-10-15-50-47	-1.868257e-05	-1.033792e-05	-8.0671395e-05	-3.6563962e-05	-0.00010332116	-2.1066755e-05	 9.9998255	2.5424864e-05	
2016-02-10-15-50-56	-1.868257e-05	-1.5106291e-05	-8.1863488e-05	-3.5371869e-05	-9.6168602e-05	-1.5106291e-05	  9.999822	2.780905e-05	
2016-02-10-15-51-06	-1.9874662e-05	-1.033792e-05	-8.0671395e-05	-3.4179776e-05	-9.8552787e-05	-1.6298384e-05	 9.9998267	3.1385328e-05	
2016-02-10-15-51-16	-2.5835126e-05	-1.2722106e-05	-8.3055581e-05	-3.4179776e-05	-0.00010332116	-1.9874662e-05	 9.9998339	3.1385328e-05	
2016-02-10-15-51-25	-2.1066755e-05	-1.2722106e-05	-8.0671395e-05	-3.6563962e-05	-0.00010093697	-1.9874662e-05	 9.9998315	3.6153699e-05	
2016-02-10-15-51-35	-2.2258848e-05	-1.3914198e-05	-7.7095117e-05	-3.7756054e-05	-9.974488e-05	-1.5106291e-05	 9.9998184	3.9729978e-05	
2016-02-10-15-51-44	-2.1066755e-05	-1.2722106e-05	-8.4247674e-05	-3.5371869e-05	-0.00010451325	-1.7490477e-05	   9.99981	4.3306256e-05	
2016-02-10-15-51-54	-2.4643034e-05	-1.033792e-05	-7.9479302e-05	-3.6563962e-05	-9.974488e-05	-1.5106291e-05	 9.9997934	5.0458813e-05	
2016-02-10-15-52-04	-2.3450941e-05	-1.033792e-05	-8.0671395e-05	-4.014024e-05	-0.00010332116	-1.7490477e-05	 9.9998279	2.4232771e-05	
2016-02-10-15-52-13	-2.3450941e-05	-9.1458272e-06	-8.1863488e-05	-3.179559e-05	-0.00010332116	-1.868257e-05	 9.9998255	2.6616957e-05	
2016-02-10-15-52-23	-2.2258848e-05	-1.1530013e-05	-8.3055581e-05	-3.7756054e-05	-0.00010451325	-1.5106291e-05	 9.9998208	3.1385328e-05	
2016-02-10-15-52-32	-2.5835126e-05	-1.033792e-05	-8.6631859e-05	-3.7756054e-05	-0.00010093697	-2.1066755e-05	 9.9998148	3.3769514e-05	
2016-02-10-15-52-42	-2.8219312e-05	-9.1458272e-06	-8.3055581e-05	-3.6563962e-05	-0.00010689744	-1.9874662e-05	  9.999816	3.4961606e-05	
2016-02-10-15-52-52	-2.3450941e-05	-9.1458272e-06	-8.3055581e-05	-3.7756054e-05	-0.00010570534	-1.5106291e-05	 9.9998148	3.4961606e-05	
2016-02-10-15-53-01	-2.2258848e-05	-1.3914198e-05	-8.3055581e-05	-3.7756054e-05	-9.7360694e-05	-1.868257e-05	 9.9998017	4.4498349e-05	
2016-02-10-15-53-11	-1.9874662e-05	-7.9537344e-06	-8.1863488e-05	-3.5371869e-05	-0.00010332116	-1.5106291e-05	 9.9997922	5.0458813e-05	
2016-02-10-15-53-20	-2.2258848e-05	-1.033792e-05	-8.9016045e-05	-3.8948147e-05	-0.00010570534	-1.5106291e-05	 9.9998172	2.3040678e-05	
2016-02-10-15-53-30	-2.4643034e-05	-1.1530013e-05	-8.6631859e-05	-3.6563962e-05	-0.00010332116	-1.9874662e-05	 9.9998148	2.6616957e-05	
2016-02-10-15-53-40	-2.7027219e-05	-1.3914198e-05	-8.5439766e-05	-3.7756054e-05	-0.00010570534	-1.868257e-05	 9.9998208	2.6616957e-05	
2016-02-10-15-53-49	-2.3450941e-05	-1.3914198e-05	-8.3055581e-05	-4.014024e-05	-0.00010332116	-1.7490477e-05	 9.9998077	3.0193235e-05	
2016-02-10-15-53-59	-2.3450941e-05	-1.1530013e-05	-8.7823952e-05	-4.2524426e-05	-0.00010451325	-1.5106291e-05	 9.9998077	3.7345792e-05	
2016-02-10-15-54-08	-2.5835126e-05	-1.2722106e-05	-8.6631859e-05	-3.7756054e-05	-0.00010570534	-1.9874662e-05	 9.9998029	3.7345792e-05	
2016-02-10-15-54-18	-2.4643034e-05	-1.5106291e-05	-8.5439766e-05	-4.1332333e-05	-0.00010570534	-2.2258848e-05	 9.9997969	4.092207e-05	
2016-02-10-15-54-28	-2.1066755e-05	-1.3914198e-05	-8.4247674e-05	-3.7756054e-05	-0.00010570534	-2.2258848e-05	 9.9998053	4.6882534e-05	
2016-02-10-15-54-37	-2.2258848e-05	-1.1530013e-05	-8.4247674e-05	-3.8948147e-05	-0.00010808953	-1.6298384e-05	 9.9998136	2.5424864e-05	
2016-02-10-15-54-47	-2.4643034e-05	-1.5106291e-05	-8.6631859e-05	-4.014024e-05	-0.00010928162	-1.7490477e-05	 9.9998124	2.780905e-05	
2016-02-10-15-54-56	-2.2258848e-05	-1.3914198e-05	-8.7823952e-05	-3.8948147e-05	-0.00010928162	-1.868257e-05	 9.9998053	2.5424864e-05	
2016-02-10-15-55-06	-2.5835126e-05	-9.1458272e-06	-9.0208138e-05	-4.1332333e-05	-0.00010570534	-1.868257e-05	 9.9997993	2.780905e-05	
2016-02-10-15-55-16	-2.5835126e-05	-1.1530013e-05	-8.3055581e-05	-3.7756054e-05	-0.00010928162	-2.2258848e-05	 9.9997922	3.6153699e-05	
2016-02-10-15-55-25	-2.2258848e-05	-1.5106291e-05	-8.4247674e-05	-3.7756054e-05	-0.00010808953	-1.7490477e-05	 9.9997945	3.3769514e-05	
2016-02-10-15-55-35	-2.5835126e-05	-1.3914198e-05	-8.7823952e-05	-3.8948147e-05	-0.00010570534	-1.7490477e-05	 9.9997957	3.9729978e-05	
2016-02-10-15-55-44	-2.1066755e-05	-1.1530013e-05	-9.0208138e-05	-4.014024e-05	-0.00010808953	-1.6298384e-05	  9.999791	4.5690442e-05	
2016-02-10-15-55-54	-2.5835126e-05	-1.6298384e-05	-8.7823952e-05	-4.1332333e-05	-0.00010689744	-1.9874662e-05	 9.9997838	2.4232771e-05	
2016-02-10-15-56-04	-2.7027219e-05	-1.033792e-05	-8.9016045e-05	-4.2524426e-05	-0.00011047372	-1.868257e-05	   9.99981	2.780905e-05	
2016-02-10-15-56-13	-2.5835126e-05	-1.033792e-05	-8.5439766e-05	-4.1332333e-05	-0.00011166581	-2.2258848e-05	 9.9998041	2.5424864e-05	
2016-02-10-15-56-23	-2.7027219e-05	-1.5106291e-05	-8.4247674e-05	-3.8948147e-05	-0.00011047372	-1.868257e-05	 9.9997969	2.5424864e-05	
2016-02-10-15-56-32	-2.7027219e-05	-1.2722106e-05	-8.6631859e-05	-3.8948147e-05	-0.00010808953	-1.868257e-05	 9.9997981	3.0193235e-05	
2016-02-10-15-56-42	-2.3450941e-05	-1.2722106e-05	-8.7823952e-05	-3.6563962e-05	-0.0001128579	-2.1066755e-05	 9.9997874	3.4961606e-05	
2016-02-10-15-56-52	-2.3450941e-05	-1.3914198e-05	-8.7823952e-05	-4.2524426e-05	-0.00010808953	-1.9874662e-05	 9.9997886	3.7345792e-05	
2016-02-10-15-57-01	-2.5835126e-05	-1.6298384e-05	-9.3784416e-05	-4.014024e-05	-0.00010808953	-1.868257e-05	 9.9997838	4.3306256e-05	
2016-02-10-15-57-11	-2.5835126e-05	-1.3914198e-05	-9.2592323e-05	-4.1332333e-05	-0.00011166581	-1.9874662e-05	 9.9997647	5.1650906e-05	
2016-02-10-15-57-21	-2.7027219e-05	-1.5106291e-05	-8.4247674e-05	-3.8948147e-05	-0.00011404999	-1.7490477e-05	 9.9998029	2.5424864e-05	
2016-02-10-15-57-30	-2.4643034e-05	-1.6298384e-05	-8.7823952e-05	-4.014024e-05	-0.00011047372	-2.2258848e-05	 9.9997981	2.6616957e-05	
2016-02-10-15-57-40	-2.5835126e-05	-1.1530013e-05	-9.2592323e-05	-4.1332333e-05	-0.00010808953	-1.9874662e-05	 9.9997993	2.5424864e-05	
2016-02-10-15-57-49	-2.3450941e-05	-1.1530013e-05	-8.9016045e-05	-4.3716518e-05	-0.00011047372	-1.6298384e-05	 9.9997934	3.2577421e-05	
2016-02-10-15-57-59	-2.1066755e-05	-1.6298384e-05	-9.3784416e-05	-4.2524426e-05	-0.00011404999	-1.7490477e-05	 9.9997934	3.3769514e-05	
2016-02-10-15-58-09	-2.5835126e-05	-1.2722106e-05	-9.0208138e-05	-4.014024e-05	-0.00011404999	-2.4643034e-05	 9.9997755	3.9729978e-05	
2016-02-10-15-58-18	-2.7027219e-05	-1.2722106e-05	-9.0208138e-05	-4.1332333e-05	-0.00011166581	-2.1066755e-05	 9.9997874	4.2114163e-05	
2016-02-10-15-58-28	-2.5835126e-05	-1.3914198e-05	-9.2592323e-05	-4.014024e-05	-0.00011166581	-1.7490477e-05	 9.9997731	4.8074627e-05	
2016-02-10-15-58-37	-2.5835126e-05	-1.3914198e-05	-9.2592323e-05	-4.2524426e-05	-0.00011643418	-2.1066755e-05	 9.9997969	2.1848586e-05	
2016-02-10-15-58-47	-2.3450941e-05	-1.7490477e-05	-9.4976509e-05	-4.4908611e-05	-0.00011524209	-2.1066755e-05	 9.9998065	2.3040678e-05	
2016-02-10-15-58-57	-2.9411405e-05	-1.5106291e-05	-9.2592323e-05	-4.2524426e-05	-0.00011643418	-1.9874662e-05	 9.9997862	2.9001142e-05	
2016-02-10-15-59-06	-2.7027219e-05	-1.6298384e-05	-9.140023e-05	-4.3716518e-05	-0.00011524209	-2.1066755e-05	 9.9997898	2.780905e-05	
2016-02-10-15-59-16	-2.5835126e-05	-1.3914198e-05	-9.4976509e-05	-4.3716518e-05	-0.00012239464	-2.3450941e-05	 9.9997791	3.3769514e-05	
2016-02-10-15-59-25	-2.8219312e-05	-1.5106291e-05	-9.2592323e-05	-4.3716518e-05	-0.00011762627	-1.9874662e-05	 9.9997814	3.6153699e-05	
2016-02-10-15-59-35	-2.3450941e-05	-1.6298384e-05	-9.4976509e-05	-4.1332333e-05	-0.00011881836	-1.7490477e-05	 9.9997743	4.2114163e-05	
2016-02-10-15-59-45	-2.4643034e-05	-1.6298384e-05	-9.140023e-05	-4.4908611e-05	-0.00011762627	-1.9874662e-05	 9.9997791	4.6882534e-05	
2016-02-10-15-59-54	-2.5835126e-05	-1.7490477e-05	-9.140023e-05	-4.2524426e-05	-0.00011643418	-1.868257e-05	 9.9997969	2.1848586e-05	
2016-02-10-16-00-04	-2.7027219e-05	-1.3914198e-05	-9.6168602e-05	-4.6100704e-05	-0.00011524209	-2.2258848e-05	 9.9997862	2.3040678e-05	
2016-02-10-16-00-13	-2.4643034e-05	-1.7490477e-05	-9.6168602e-05	-4.7292797e-05	-0.00011881836	-2.2258848e-05	 9.9997945	2.5424864e-05	
2016-02-10-16-00-23	-2.9411405e-05	-1.5106291e-05	-9.7360694e-05	-4.3716518e-05	-0.00011404999	-2.3450941e-05	 9.9997826	2.780905e-05	
2016-02-10-16-00-33	-2.8219312e-05	-1.5106291e-05	-9.7360694e-05	-4.1332333e-05	-0.00011762627	-1.9874662e-05	 9.9997791	3.0193235e-05	
2016-02-10-16-00-42	-2.5835126e-05	-1.2722106e-05	-9.6168602e-05	-3.8948147e-05	-0.00011643418	-2.3450941e-05	 9.9997802	3.3769514e-05	
2016-02-10-16-00-52	-3.0603498e-05	-1.1530013e-05	-9.7360694e-05	-4.4908611e-05	-0.00012239464	-2.1066755e-05	 9.9997767	3.7345792e-05	
2016-02-10-16-01-01	-2.7027219e-05	-1.2722106e-05	-9.7360694e-05	-4.014024e-05	-0.00011881836	-2.1066755e-05	 9.9997707	4.5690442e-05	
2016-02-10-16-01-11	-2.7027219e-05	-1.6298384e-05	-9.8552787e-05	-4.3716518e-05	-0.00011643418	-1.9874662e-05	 9.9997922	2.0656493e-05	
2016-02-10-16-01-21	-2.7027219e-05	-1.6298384e-05	-9.8552787e-05	-4.3716518e-05	-0.00012001046	-2.1066755e-05	 9.9998041	2.0656493e-05	
2016-02-10-16-01-30	-2.8219312e-05	-1.1530013e-05	-9.6168602e-05	-4.2524426e-05	-0.00011762627	-2.2258848e-05	 9.9997886	2.5424864e-05	
2016-02-10-16-01-40	-2.2258848e-05	-1.3914198e-05	-9.8552787e-05	-4.4908611e-05	-0.00012120255	-2.1066755e-05	 9.9997743	2.6616957e-05	
2016-02-10-16-01-49	-2.8219312e-05	-1.5106291e-05	-9.6168602e-05	-4.3716518e-05	-0.00012001046	-2.1066755e-05	 9.9997862	2.9001142e-05	
2016-02-10-16-01-59	-2.7027219e-05	-1.7490477e-05	-9.974488e-05	-4.2524426e-05	-0.00012001046	-2.3450941e-05	 9.9997755	3.2577421e-05	
2016-02-10-16-02-09	-2.7027219e-05	-1.7490477e-05	-9.7360694e-05	-4.2524426e-05	-0.00012120255	-1.9874662e-05	 9.9997683	3.6153699e-05	
2016-02-10-16-02-18	-2.9411405e-05	-1.5106291e-05	-9.8552787e-05	-4.3716518e-05	-0.00012120255	-1.9874662e-05	 9.9997647	4.2114163e-05	
2016-02-10-16-02-28	-2.5835126e-05	-1.6298384e-05	-9.8552787e-05	-3.8948147e-05	-0.00012239464	-1.9874662e-05	 9.9997826	1.5888122e-05	
2016-02-10-16-02-37	-2.5835126e-05	-1.7490477e-05	-9.974488e-05	-4.2524426e-05	-0.00011643418	-2.3450941e-05	 9.9997838	2.5424864e-05	
2016-02-10-16-02-47	-2.5835126e-05	-1.5106291e-05	-9.8552787e-05	-4.4908611e-05	-0.00012120255	-2.3450941e-05	 9.9997945	2.5424864e-05	
2016-02-10-16-02-57	-2.7027219e-05	-1.6298384e-05	-9.974488e-05	-4.4908611e-05	-0.00012477883	-2.2258848e-05	  9.999785	2.5424864e-05	
2016-02-10-16-03-06	-2.9411405e-05	-1.7490477e-05	-9.7360694e-05	-4.4908611e-05	-0.00012120255	-1.9874662e-05	 9.9997743	2.9001142e-05	
2016-02-10-16-03-16	-2.8219312e-05	-1.6298384e-05	-0.00010093697	-4.7292797e-05	-0.00012358674	-1.868257e-05	 9.9997647	3.2577421e-05	
2016-02-10-16-03-25	-2.8219312e-05	-1.7490477e-05	-0.00010093697	-4.1332333e-05	-0.00012239464	-2.1066755e-05	 9.9997647	3.3769514e-05	
2016-02-10-16-03-35	-2.8219312e-05	-1.5106291e-05	-0.00010451325	-4.3716518e-05	-0.00012477883	-2.2258848e-05	 9.9997719	3.8537885e-05	
2016-02-10-16-03-45	-2.7027219e-05	-1.5106291e-05	-9.974488e-05	-4.4908611e-05	-0.0001295472	-2.2258848e-05	 9.9997934	1.94644e-05	
2016-02-10-16-03-54	-2.8219312e-05	-1.5106291e-05	-9.974488e-05	-4.6100704e-05	-0.00012597092	-2.3450941e-05	 9.9997922	2.3040678e-05	
2016-02-10-16-04-04	-2.5835126e-05	-1.6298384e-05	-9.974488e-05	-4.3716518e-05	-0.00012835511	-2.3450941e-05	 9.9997886	2.3040678e-05	
2016-02-10-16-04-13	-2.5835126e-05	-1.9874662e-05	-0.00010212907	-4.6100704e-05	-0.00012358674	-1.9874662e-05	 9.9997934	2.1848586e-05	
2016-02-10-16-04-23	-3.0603498e-05	-1.3914198e-05	-0.00010212907	-4.3716518e-05	-0.00012716301	-2.2258848e-05	 9.9997731	2.6616957e-05	
2016-02-10-16-04-33	-2.4643034e-05	-1.1530013e-05	-0.00010332116	-4.4908611e-05	-0.0001295472	-2.4643034e-05	 9.9997719	3.0193235e-05	
2016-02-10-16-04-42	-2.7027219e-05	-1.6298384e-05	-0.00010451325	-4.6100704e-05	-0.00012716301	-2.2258848e-05	 9.9997695	3.4961606e-05	
2016-02-10-16-04-52	-2.9411405e-05	-1.868257e-05	-0.00010451325	-4.4908611e-05	-0.00012477883	-1.7490477e-05	 9.9997588	4.092207e-05	
2016-02-10-16-05-02	-2.9411405e-05	-1.7490477e-05	-0.00010093697	-4.3716518e-05	-0.00012477883	-2.1066755e-05	 9.9997838	1.94644e-05	
2016-02-10-16-05-11	-2.8219312e-05	-1.868257e-05	-0.00010332116	-4.6100704e-05	-0.00012835511	-2.4643034e-05	 9.9997719	2.1848586e-05	
2016-02-10-16-05-21	-3.179559e-05	-1.7490477e-05	-0.00010689744	-4.7292797e-05	-0.00012835511	-2.4643034e-05	 9.9997719	2.1848586e-05	
2016-02-10-16-05-30	-3.2987683e-05	-1.7490477e-05	-0.00010212907	-4.6100704e-05	-0.00012358674	-2.3450941e-05	 9.9997779	2.6616957e-05	
2016-02-10-16-05-40	-3.179559e-05	-1.868257e-05	-0.00010451325	-4.9676982e-05	-0.00012716301	-2.5835126e-05	 9.9997779	2.3040678e-05	
2016-02-10-16-05-50	-3.0603498e-05	-1.7490477e-05	-0.00010212907	-4.6100704e-05	-0.00012716301	-2.1066755e-05	 9.9997695	3.2577421e-05	
2016-02-10-16-05-59	-3.0603498e-05	-1.868257e-05	-0.00010451325	-4.6100704e-05	-0.00012477883	-2.4643034e-05	 9.9997647	3.4961606e-05	
2016-02-10-16-06-09	-2.8219312e-05	-1.7490477e-05	-0.00010451325	-4.7292797e-05	-0.00013073929	-2.4643034e-05	 9.9997481	3.8537885e-05	
2016-02-10-16-06-18	-3.179559e-05	-1.7490477e-05	-0.00010570534	-4.6100704e-05	-0.00013073929	-2.3450941e-05	   9.99976	2.0656493e-05	
2016-02-10-16-06-28	-2.9411405e-05	-1.6298384e-05	-0.00010332116	-4.6100704e-05	-0.00012716301	-1.9874662e-05	 9.9997838	2.0656493e-05	
2016-02-10-16-06-38	-2.9411405e-05	-1.7490477e-05	-0.00010212907	-4.6100704e-05	-0.0001295472	-2.3450941e-05	 9.9997767	2.4232771e-05	
2016-02-10-16-06-47	-2.8219312e-05	-1.3914198e-05	-0.00010570534	-4.3716518e-05	-0.0001295472	-2.2258848e-05	 9.9997624	2.4232771e-05	
2016-02-10-16-06-57	-3.0603498e-05	-1.7490477e-05	-0.00010451325	-4.7292797e-05	-0.00012716301	-2.2258848e-05	 9.9997647	2.780905e-05	
2016-02-10-16-07-06	-3.0603498e-05	-1.6298384e-05	-0.00010451325	-4.9676982e-05	-0.0001295472	-2.1066755e-05	 9.9997588	3.2577421e-05	
2016-02-10-16-07-16	-2.8219312e-05	-1.5106291e-05	-0.00010451325	-4.7292797e-05	-0.00012835511	-1.9874662e-05	 9.9997409	3.6153699e-05	
2016-02-10-16-07-26	-2.9411405e-05	-1.868257e-05	-0.00010451325	-4.7292797e-05	-0.00013312348	-2.5835126e-05	 9.9997409	3.6153699e-05	
2016-02-10-16-07-35	-2.8219312e-05	-1.868257e-05	-0.00010570534	-4.848489e-05	-0.0001295472	-2.2258848e-05	 9.9997373	4.3306256e-05	
2016-02-10-16-07-45	-2.9411405e-05	-1.9874662e-05	-0.00010689744	-4.7292797e-05	-0.00013312348	-1.9874662e-05	 9.9997636	2.0656493e-05	
2016-02-10-16-07-54	-2.9411405e-05	-1.7490477e-05	-0.00010570534	-5.2061168e-05	-0.00013193139	-2.2258848e-05	 9.9997659	2.1848586e-05	
2016-02-10-16-08-04	-2.5835126e-05	-1.6298384e-05	-0.00010212907	-4.2524426e-05	-0.00013431557	-2.3450941e-05	 9.9997576	2.5424864e-05	
2016-02-10-16-08-14	-2.5835126e-05	-1.3914198e-05	-0.00010689744	-4.9676982e-05	-0.00013073929	-2.2258848e-05	 9.9997588	2.780905e-05	
2016-02-10-16-08-23	-3.179559e-05	-1.5106291e-05	-0.00010570534	-4.7292797e-05	-0.00012835511	-2.5835126e-05	 9.9997469	2.780905e-05	
2016-02-10-16-08-33	-2.7027219e-05	-1.7490477e-05	-0.00010808953	-4.4908611e-05	-0.00013073929	-2.7027219e-05	 9.9997349	3.2577421e-05	
2016-02-10-16-08-42	-2.8219312e-05	-1.9874662e-05	-0.00010689744	-4.6100704e-05	-0.00013431557	-2.9411405e-05	 9.9997361	4.092207e-05	
2016-02-10-16-08-52	-3.179559e-05	-1.6298384e-05	-0.00010570534	-4.7292797e-05	-0.00013073929	-2.3450941e-05	 9.9997254	4.6882534e-05	
2016-02-10-16-09-02	-2.9411405e-05	-1.868257e-05	-0.00010451325	-4.9676982e-05	-0.0001295472	-2.4643034e-05	   9.99976	1.94644e-05	
2016-02-10-16-09-11	-2.8219312e-05	-1.868257e-05	-0.00010928162	-4.7292797e-05	-0.00013312348	-1.9874662e-05	 9.9997528	2.0656493e-05	
2016-02-10-16-09-21	-3.179559e-05	-1.7490477e-05	-0.00010689744	-4.6100704e-05	-0.00013431557	-2.5835126e-05	 9.9997504	2.3040678e-05	
2016-02-10-16-09-30	-3.2987683e-05	-1.5106291e-05	-0.00010451325	-4.848489e-05	-0.00012835511	-2.2258848e-05	 9.9997421	2.5424864e-05	
2016-02-10-16-09-40	-3.179559e-05	-1.7490477e-05	-0.00010689744	-4.1332333e-05	-0.00013431557	-2.1066755e-05	 9.9997504	3.0193235e-05	
2016-02-10-16-09-50	-2.9411405e-05	-1.7490477e-05	-0.00010808953	-4.7292797e-05	-0.00013312348	-2.5835126e-05	 9.9997457	3.0193235e-05	
2016-02-10-16-09-59	-2.9411405e-05	-1.6298384e-05	-0.00010689744	-4.7292797e-05	-0.00013431557	-2.5835126e-05	 9.9997254	3.6153699e-05	
2016-02-10-16-10-09	-2.8219312e-05	-1.7490477e-05	-0.00010808953	-4.9676982e-05	-0.00013789185	-2.2258848e-05	 9.9997206	4.5690442e-05	
2016-02-10-16-10-18	-2.8219312e-05	-1.5106291e-05	-0.00011047372	-4.7292797e-05	-0.00013669976	-2.3450941e-05	 9.9997481	2.0656493e-05	
2016-02-10-16-10-28	-3.179559e-05	-1.9874662e-05	-0.00010808953	-4.2524426e-05	-0.00013550766	-2.2258848e-05	 9.9997433	2.0656493e-05	
2016-02-10-16-10-38	-3.0603498e-05	-1.7490477e-05	-0.00011047372	-4.3716518e-05	-0.00013789185	-2.3450941e-05	 9.9997421	2.5424864e-05	
2016-02-10-16-10-47	-3.0603498e-05	-1.5106291e-05	-0.00010689744	-5.0869075e-05	-0.00013669976	-2.1066755e-05	 9.9997338	2.6616957e-05	
2016-02-10-16-10-57	-3.2987683e-05	-1.868257e-05	-0.00011166581	-4.9676982e-05	-0.00013669976	-2.5835126e-05	 9.9997457	2.9001142e-05	
2016-02-10-16-11-06	-3.4179776e-05	-1.7490477e-05	-0.00010928162	-5.0869075e-05	-0.00013431557	-2.4643034e-05	 9.9997385	3.1385328e-05	
2016-02-10-16-11-16	-3.2987683e-05	-1.7490477e-05	-0.00011404999	-4.9676982e-05	-0.00013908394	-2.4643034e-05	 9.9997242	3.8537885e-05	
2016-02-10-16-11-26	-2.8219312e-05	-1.5106291e-05	-0.00010928162	-4.6100704e-05	-0.00013431557	-2.4643034e-05	 9.9997278	4.092207e-05	
2016-02-10-16-11-35	-3.2987683e-05	-1.868257e-05	-0.00011047372	-4.4908611e-05	-0.00014027604	-2.3450941e-05	 9.9997528	1.7080214e-05	
2016-02-10-16-11-45	-3.4179776e-05	-2.1066755e-05	-0.00011166581	-4.7292797e-05	-0.00013789185	-2.5835126e-05	 9.9997707	2.0656493e-05	
2016-02-10-16-11-54	-3.179559e-05	-1.5106291e-05	-0.0001128579	-5.0869075e-05	-0.00013669976	-2.5835126e-05	  9.999754	1.8272307e-05	
2016-02-10-16-12-04	-3.2987683e-05	-1.9874662e-05	-0.00011166581	-4.9676982e-05	-0.00013789185	-2.8219312e-05	 9.9997528	2.6616957e-05	
2016-02-10-16-12-14	-3.5371869e-05	-1.5106291e-05	-0.0001128579	-5.2061168e-05	-0.00013669976	-2.2258848e-05	 9.9997409	2.4232771e-05	
2016-02-10-16-12-23	-2.8219312e-05	-1.868257e-05	-0.0001128579	-5.2061168e-05	-0.00014027604	-2.5835126e-05	 9.9997302	3.1385328e-05	
2016-02-10-16-12-33	-2.9411405e-05	-2.1066755e-05	-0.00011404999	-4.848489e-05	-0.00013431557	-2.7027219e-05	 9.9997266	3.7345792e-05	
2016-02-10-16-12-43	-3.2987683e-05	-1.5106291e-05	-0.00011643418	-4.7292797e-05	-0.00013550766	-2.3450941e-05	 9.9997242	4.4498349e-05	
2016-02-10-16-12-52	-3.4179776e-05	-1.7490477e-05	-0.00011404999	-4.848489e-05	-0.00013908394	-2.7027219e-05	 9.9997493	1.94644e-05	
2016-02-10-16-13-02	-3.4179776e-05	-1.9874662e-05	-0.00011404999	-4.848489e-05	-0.00014385231	-2.1066755e-05	 9.9997469	2.1848586e-05	
2016-02-10-16-13-11	-2.9411405e-05	-1.5106291e-05	-0.00011524209	-4.848489e-05	-0.00014027604	-2.4643034e-05	 9.9997493	2.3040678e-05	
2016-02-10-16-13-21	-3.179559e-05	-1.7490477e-05	-0.00011404999	-4.6100704e-05	-0.00013908394	-2.7027219e-05	 9.9997469	2.780905e-05	
2016-02-10-16-13-31	-3.179559e-05	-1.9874662e-05	-0.0001128579	-4.848489e-05	-0.00014146813	-2.5835126e-05	 9.9997445	2.6616957e-05	
2016-02-10-16-13-40	-2.9411405e-05	-1.5106291e-05	-0.00011166581	-5.0869075e-05	-0.00013908394	-2.5835126e-05	  9.999729	2.6616957e-05	
2016-02-10-16-13-50	-3.4179776e-05	-1.868257e-05	-0.00011047372	-4.7292797e-05	-0.00013908394	-2.5835126e-05	 9.9997206	3.1385328e-05	
2016-02-10-16-13-59	-2.9411405e-05	-1.7490477e-05	-0.00011524209	-4.848489e-05	-0.00013669976	-2.5835126e-05	  9.999723	4.092207e-05	
2016-02-10-16-14-09	-3.0603498e-05	-1.1530013e-05	-0.00011524209	-4.9676982e-05	-0.00014146813	-2.5835126e-05	 9.9997385	2.1848586e-05	
2016-02-10-16-14-19	-3.4179776e-05	-1.6298384e-05	-0.00011404999	-4.6100704e-05	-0.00013908394	-2.3450941e-05	 9.9997528	2.3040678e-05	
2016-02-10-16-14-28	-3.2987683e-05	-2.1066755e-05	-0.00011404999	-4.848489e-05	-0.0001462365	-2.4643034e-05	 9.9997421	2.3040678e-05	
2016-02-10-16-14-38	-3.0603498e-05	-2.1066755e-05	-0.00011524209	-5.2061168e-05	-0.00014027604	-2.3450941e-05	 9.9997326	2.1848586e-05	
2016-02-10-16-14-47	-3.2987683e-05	-1.7490477e-05	-0.00011404999	-4.7292797e-05	-0.00014027604	-2.4643034e-05	  9.999723	2.6616957e-05	
2016-02-10-16-14-57	-2.8219312e-05	-2.2258848e-05	-0.00011643418	-4.7292797e-05	-0.00014027604	-2.1066755e-05	 9.9997242	2.6616957e-05	
2016-02-10-16-15-07	-3.4179776e-05	-1.6298384e-05	-0.00011404999	-5.0869075e-05	-0.00014862068	-2.3450941e-05	 9.9997218	3.3769514e-05	
2016-02-10-16-15-16	-3.179559e-05	-1.868257e-05	-0.00011643418	-4.848489e-05	-0.00014146813	-2.1066755e-05	 9.9997254	3.9729978e-05	
2016-02-10-16-15-26	-2.9411405e-05	-1.868257e-05	-0.00011762627	-5.0869075e-05	-0.00014504441	-2.5835126e-05	 9.9997504	1.94644e-05	
2016-02-10-16-15-35	-3.179559e-05	-2.1066755e-05	-0.00012001046	-5.3253261e-05	-0.00014385231	-2.1066755e-05	 9.9997314	2.0656493e-05	
2016-02-10-16-15-45	-3.2987683e-05	-1.9874662e-05	-0.00011524209	-5.0869075e-05	-0.00014266022	-2.4643034e-05	 9.9997373	1.94644e-05	
2016-02-10-16-15-55	-3.179559e-05	-1.5106291e-05	-0.00011643418	-4.7292797e-05	-0.00014504441	-2.4643034e-05	 9.9997302	2.6616957e-05	
2016-02-10-16-16-04	-3.4179776e-05	-2.2258848e-05	-0.0001128579	-4.9676982e-05	-0.00014385231	-2.4643034e-05	 9.9997314	2.4232771e-05	
2016-02-10-16-16-14	-3.0603498e-05	-1.7490477e-05	-0.00011762627	-4.9676982e-05	-0.00014385231	-2.2258848e-05	 9.9997183	3.0193235e-05	
2016-02-10-16-16-23	-3.5371869e-05	-1.868257e-05	-0.00012120255	-5.4445354e-05	-0.00014385231	-2.4643034e-05	  9.999729	3.1385328e-05	
2016-02-10-16-16-33	-3.5371869e-05	-1.7490477e-05	-0.00011881836	-5.4445354e-05	-0.00015219696	-2.3450941e-05	 9.9997218	3.4961606e-05	
2016-02-10-16-16-43	-3.2987683e-05	-1.9874662e-05	-0.00011762627	-5.4445354e-05	-0.00014504441	-2.4643034e-05	 9.9997075	1.94644e-05	
2016-02-10-16-16-52	-3.5371869e-05	-1.7490477e-05	-0.00011881836	-4.848489e-05	-0.0001462365	-2.2258848e-05	  9.999723	1.7080214e-05	
2016-02-10-16-17-02	-3.2987683e-05	-2.1066755e-05	-0.00011524209	-5.0869075e-05	-0.0001462365	-2.3450941e-05	 9.9997302	2.0656493e-05	
2016-02-10-16-17-11	-3.0603498e-05	-1.9874662e-05	-0.00011881836	-5.0869075e-05	-0.00014742859	-2.5835126e-05	 9.9997159	2.5424864e-05	
2016-02-10-16-17-21	-2.9411405e-05	-1.6298384e-05	-0.00011524209	-5.2061168e-05	-0.00014504441	-2.1066755e-05	 9.9997266	2.4232771e-05	
2016-02-10-16-17-31	-3.179559e-05	-1.6298384e-05	-0.00012120255	-5.0869075e-05	-0.00014742859	-2.2258848e-05	 9.9997266	3.1385328e-05	
2016-02-10-16-17-40	-3.2987683e-05	-2.1066755e-05	-0.00012120255	-5.2061168e-05	-0.00014862068	-2.2258848e-05	 9.9997111	3.1385328e-05	
2016-02-10-16-17-50	-3.2987683e-05	-1.7490477e-05	-0.00012120255	-5.0869075e-05	-0.00014742859	-2.2258848e-05	 9.9997016	3.4961606e-05	
2016-02-10-16-17-59	-3.2987683e-05	-2.1066755e-05	-0.00012001046	-5.3253261e-05	-0.00014862068	-2.8219312e-05	  9.999692	4.5690442e-05	
2016-02-10-16-18-09	-3.4179776e-05	-2.2258848e-05	-0.00012358674	-5.3253261e-05	-0.00015219696	-2.8219312e-05	 9.9997147	1.8272307e-05	
2016-02-10-16-18-19	-3.4179776e-05	-1.9874662e-05	-0.00012120255	-5.3253261e-05	-0.00014981278	-2.7027219e-05	 9.9997266	2.1848586e-05	
2016-02-10-16-18-28	-3.2987683e-05	-1.9874662e-05	-0.00012001046	-4.9676982e-05	-0.00014504441	-2.8219312e-05	 9.9997171	1.94644e-05	
2016-02-10-16-18-38	-3.5371869e-05	-1.7490477e-05	-0.00011762627	-5.3253261e-05	-0.00014862068	-2.2258848e-05	 9.9997159	2.6616957e-05	
2016-02-10-16-18-47	-3.5371869e-05	-1.6298384e-05	-0.00012120255	-5.2061168e-05	-0.00014742859	-2.7027219e-05	 9.9997075	3.0193235e-05	
2016-02-10-16-18-57	-3.4179776e-05	-1.7490477e-05	-0.00012239464	-5.0869075e-05	-0.00014981278	-3.0603498e-05	 9.9997099	3.2577421e-05	
2016-02-10-16-19-07	-3.179559e-05	-1.7490477e-05	-0.00012120255	-4.9676982e-05	-0.00015100487	-2.7027219e-05	 9.9996896	3.8537885e-05	
2016-02-10-16-19-16	-3.4179776e-05	-2.2258848e-05	-0.00012001046	-5.0869075e-05	-0.00015100487	-2.8219312e-05	 9.9996873	4.3306256e-05	
2016-02-10-16-19-26	-3.0603498e-05	-2.3450941e-05	-0.00012120255	-5.2061168e-05	-0.00014981278	-2.4643034e-05	 9.9997183	2.0656493e-05	
2016-02-10-16-19-35	-3.4179776e-05	-1.868257e-05	-0.00012001046	-5.3253261e-05	-0.00015219696	-2.8219312e-05	 9.9997183	1.8272307e-05	
2016-02-10-16-19-45	-3.7756054e-05	-1.9874662e-05	-0.00012001046	-5.3253261e-05	-0.00015219696	-2.4643034e-05	 9.9997135	2.3040678e-05	
2016-02-10-16-19-55	-3.179559e-05	-1.9874662e-05	-0.00012120255	-5.8021632e-05	-0.00015100487	-2.7027219e-05	 9.9997004	2.3040678e-05	
2016-02-10-16-20-04	-3.4179776e-05	-1.9874662e-05	-0.00012239464	-5.3253261e-05	-0.00015219696	-2.2258848e-05	 9.9996968	2.9001142e-05	
2016-02-10-16-20-14	-3.2987683e-05	-2.1066755e-05	-0.00012239464	-5.3253261e-05	-0.00015100487	-2.3450941e-05	 9.9996956	2.9001142e-05	
2016-02-10-16-20-24	-3.2987683e-05	-1.9874662e-05	-0.00011762627	-5.2061168e-05	-0.00015219696	-2.7027219e-05	 9.9996992	3.4961606e-05	
2016-02-10-16-20-33	-3.2987683e-05	-2.1066755e-05	-0.00012120255	-5.0869075e-05	-0.00015338906	-3.0603498e-05	 9.9996932	4.4498349e-05	
2016-02-10-16-20-43	-3.0603498e-05	-1.7490477e-05	-0.00012358674	-5.4445354e-05	-0.00015219696	-2.2258848e-05	 9.9997183	1.94644e-05	
2016-02-10-16-20-52	-3.4179776e-05	-1.6298384e-05	-0.00012597092	-5.3253261e-05	-0.00015219696	-2.7027219e-05	 9.9997135	2.0656493e-05	
2016-02-10-16-21-02	-3.4179776e-05	-1.868257e-05	-0.00012597092	-5.0869075e-05	-0.00015338906	-2.5835126e-05	 9.9997051	2.0656493e-05	
2016-02-10-16-21-12	-3.5371869e-05	-1.9874662e-05	-0.00012358674	-5.4445354e-05	-0.00015458115	-2.8219312e-05	 9.9997135	2.1848586e-05	
2016-02-10-16-21-21	-3.179559e-05	-1.9874662e-05	-0.00012120255	-5.6829539e-05	-0.00015458115	-2.3450941e-05	 9.9997063	2.780905e-05	
2016-02-10-16-21-31	-3.2987683e-05	-2.1066755e-05	-0.00012358674	-5.2061168e-05	-0.00015100487	-2.7027219e-05	 9.9996992	2.6616957e-05	
2016-02-10-16-21-40	-3.4179776e-05	-1.7490477e-05	-0.00012835511	-5.4445354e-05	-0.00015338906	-2.7027219e-05	 9.9996944	3.2577421e-05	
2016-02-10-16-21-50	-3.5371869e-05	-1.9874662e-05	-0.00012597092	-5.3253261e-05	-0.00015696533	-2.2258848e-05	 9.9996896	4.092207e-05	
2016-02-10-16-22-00	-3.4179776e-05	-2.4643034e-05	-0.00012716301	-5.6829539e-05	-0.00015458115	-2.4643034e-05	 9.9997051	1.7080214e-05	
2016-02-10-16-22-09	-3.179559e-05	-2.1066755e-05	-0.00012716301	-5.0869075e-05	-0.00015458115	-2.2258848e-05	 9.9997051	1.94644e-05	
2016-02-10-16-22-19	-3.2987683e-05	-2.1066755e-05	-0.0001295472	-5.3253261e-05	-0.00015458115	-2.5835126e-05	 9.9997123	2.0656493e-05	
2016-02-10-16-22-28	-3.2987683e-05	-2.1066755e-05	-0.00012358674	-5.3253261e-05	-0.00015458115	-2.7027219e-05	 9.9997051	2.3040678e-05	
2016-02-10-16-22-38	-3.6563962e-05	-2.1066755e-05	-0.00012716301	-5.6829539e-05	-0.00015577324	-2.5835126e-05	 9.9997028	2.1848586e-05	
2016-02-10-16-22-48	-3.7756054e-05	-2.1066755e-05	-0.00012597092	-5.6829539e-05	-0.00015577324	-2.9411405e-05	 9.9996992	2.780905e-05	
2016-02-10-16-22-57	-3.2987683e-05	-2.2258848e-05	-0.00012835511	-5.6829539e-05	-0.00015934952	-2.8219312e-05	 9.9996956	2.9001142e-05	
2016-02-10-16-23-07	-3.179559e-05	-2.3450941e-05	-0.0001295472	-5.6829539e-05	-0.00015934952	-2.7027219e-05	 9.9996741	3.9729978e-05	
2016-02-10-16-23-16	-3.6563962e-05	-1.868257e-05	-0.0001295472	-5.9213725e-05	-0.00015934952	-2.8219312e-05	 9.9997099	1.4696029e-05	
2016-02-10-16-23-26	-3.4179776e-05	-2.1066755e-05	-0.00012835511	-5.6829539e-05	-0.00015696533	-2.9411405e-05	 9.9997063	1.94644e-05	
2016-02-10-16-23-36	-3.179559e-05	-2.4643034e-05	-0.00012239464	-5.6829539e-05	-0.00015577324	-2.7027219e-05	 9.9997004	2.1848586e-05	
2016-02-10-16-23-45	-3.5371869e-05	-1.9874662e-05	-0.00012835511	-5.4445354e-05	-0.00015696533	-2.8219312e-05	 9.9997004	2.1848586e-05	
2016-02-10-16-23-55	-3.6563962e-05	-1.9874662e-05	-0.00012835511	-5.3253261e-05	-0.00016054161	-2.4643034e-05	 9.9996968	2.3040678e-05	
2016-02-10-16-24-04	-3.6563962e-05	-2.2258848e-05	-0.00012835511	-5.6829539e-05	-0.00016054161	-2.8219312e-05	 9.9996968	2.6616957e-05	
2016-02-10-16-24-14	-3.7756054e-05	-1.9874662e-05	-0.00013193139	-5.5637446e-05	-0.0001629258	-2.5835126e-05	 9.9996789	3.2577421e-05	
2016-02-10-16-24-24	-3.6563962e-05	-2.1066755e-05	-0.00013312348	-5.3253261e-05	-0.00016173371	-2.5835126e-05	 9.9996789	3.9729978e-05	
2016-02-10-16-24-33	-3.6563962e-05	-1.868257e-05	-0.00012597092	-5.5637446e-05	-0.00016173371	-3.0603498e-05	 9.9997028	1.94644e-05	
2016-02-10-16-24-43	-3.6563962e-05	-1.9874662e-05	-0.00012716301	-5.8021632e-05	-0.0001629258	-2.7027219e-05	 9.9997063	1.8272307e-05	
2016-02-10-16-24-52	-3.6563962e-05	-2.5835126e-05	-0.00013193139	-5.3253261e-05	-0.0001629258	-2.7027219e-05	 9.9997004	1.94644e-05	
2016-02-10-16-25-02	-3.6563962e-05	-2.3450941e-05	-0.0001295472	-5.9213725e-05	-0.00015934952	-3.179559e-05	 9.9996873	2.1848586e-05	
2016-02-10-16-25-12	-3.7756054e-05	-2.3450941e-05	-0.00012835511	-5.4445354e-05	-0.00016411789	-2.2258848e-05	 9.9996873	2.4232771e-05	
2016-02-10-16-25-21	-3.6563962e-05	-2.1066755e-05	-0.00013193139	-5.2061168e-05	-0.00016173371	-2.5835126e-05	 9.9996861	2.6616957e-05	
2016-02-10-16-25-31	-3.7756054e-05	-1.9874662e-05	-0.00013193139	-5.2061168e-05	-0.00016173371	-2.7027219e-05	 9.9996801	2.9001142e-05	
2016-02-10-16-25-40	-3.2987683e-05	-1.868257e-05	-0.00013312348	-5.5637446e-05	-0.00015934952	-2.5835126e-05	 9.9996741	3.7345792e-05	
2016-02-10-16-25-50	-3.6563962e-05	-2.2258848e-05	-0.00013073929	-5.3253261e-05	-0.00016769417	-3.0603498e-05	 9.9996968	1.4696029e-05	
2016-02-10-16-26-00	-4.014024e-05	-2.3450941e-05	-0.00013312348	-5.6829539e-05	-0.00016650208	-2.5835126e-05	 9.9996885	1.8272307e-05	
2016-02-10-16-26-09	-3.4179776e-05	-2.2258848e-05	-0.00013073929	-5.5637446e-05	-0.0001629258	-2.7027219e-05	 9.9996861	1.7080214e-05	
2016-02-10-16-26-19	-3.7756054e-05	-2.3450941e-05	-0.00012597092	-5.5637446e-05	-0.00016650208	-2.5835126e-05	 9.9996837	2.0656493e-05	
2016-02-10-16-26-28	-3.8948147e-05	-2.4643034e-05	-0.00013550766	-5.5637446e-05	-0.00016411789	-2.8219312e-05	 9.9996789	2.1848586e-05	
2016-02-10-16-26-38	-3.4179776e-05	-2.2258848e-05	-0.00013431557	-5.6829539e-05	-0.00016769417	-3.0603498e-05	 9.9996789	2.3040678e-05	
2016-02-10-16-26-48	-3.6563962e-05	-2.4643034e-05	-0.00013193139	-5.6829539e-05	-0.00015815743	-2.7027219e-05	  9.999673	2.9001142e-05	
2016-02-10-16-26-57	-4.014024e-05	-2.2258848e-05	-0.00013073929	-5.6829539e-05	-0.0001629258	-2.7027219e-05	 9.9996634	3.3769514e-05	
2016-02-10-16-27-07	-3.4179776e-05	-2.1066755e-05	-0.00013312348	-5.6829539e-05	-0.00016530998	-2.9411405e-05	 9.9996765	1.3503936e-05	
2016-02-10-16-27-16	-3.2987683e-05	-2.1066755e-05	-0.00013193139	-6.159791e-05	-0.00016530998	-2.7027219e-05	 9.9996896	1.5888122e-05	
2016-02-10-16-27-26	-3.5371869e-05	-2.1066755e-05	-0.00013431557	-5.4445354e-05	-0.00016530998	-3.0603498e-05	 9.9996765	1.8272307e-05	
2016-02-10-16-27-36	-3.8948147e-05	-2.2258848e-05	-0.00013312348	-5.5637446e-05	-0.00016769417	-3.0603498e-05	 9.9996753	1.94644e-05	
2016-02-10-16-27-45	-3.5371869e-05	-2.3450941e-05	-0.00013312348	-5.8021632e-05	-0.00016411789	-2.5835126e-05	 9.9996718	1.94644e-05	
2016-02-10-16-27-55	-3.5371869e-05	-2.3450941e-05	-0.00013550766	-5.8021632e-05	-0.00016769417	-2.7027219e-05	 9.9996837	2.4232771e-05	
2016-02-10-16-28-05	-3.8948147e-05	-2.1066755e-05	-0.00013550766	-5.8021632e-05	-0.00016411789	-2.8219312e-05	  9.999667	3.0193235e-05	
2016-02-10-16-28-14	-3.4179776e-05	-2.3450941e-05	-0.00013550766	-5.8021632e-05	-0.00016650208	-3.179559e-05	  9.999661	3.3769514e-05	
2016-02-10-16-28-24	-3.4179776e-05	-1.9874662e-05	-0.00013193139	-6.159791e-05	-0.00016888626	-2.9411405e-05	 9.9996551	1.111975e-05	
2016-02-10-16-28-33	-3.7756054e-05	-2.5835126e-05	-0.00013669976	-5.9213725e-05	-0.00016650208	-2.9411405e-05	 9.9996718	1.4696029e-05	
2016-02-10-16-28-43	-3.8948147e-05	-2.1066755e-05	-0.00013669976	-5.9213725e-05	-0.00016650208	-3.5371869e-05	 9.9996741	1.5888122e-05	
2016-02-10-16-28-53	-3.7756054e-05	-2.1066755e-05	-0.00013312348	-5.6829539e-05	-0.00016888626	-2.8219312e-05	 9.9996634	2.0656493e-05	
2016-02-10-16-29-02	-3.8948147e-05	-2.2258848e-05	-0.00013789185	-5.5637446e-05	-0.00016888626	-2.5835126e-05	 9.9996634	2.0656493e-05	
2016-02-10-16-29-12	-3.2987683e-05	-2.3450941e-05	-0.00013789185	-5.9213725e-05	-0.00017246254	-3.0603498e-05	  9.999661	2.1848586e-05	
2016-02-10-16-29-21	-3.5371869e-05	-2.2258848e-05	-0.00013550766	-5.8021632e-05	-0.00016650208	-2.8219312e-05	 9.9996539	2.6616957e-05	
2016-02-10-16-29-31	-3.8948147e-05	-2.4643034e-05	-0.00013550766	-5.6829539e-05	-0.00017007836	-2.9411405e-05	 9.9996491	3.2577421e-05	
2016-02-10-16-29-41	-3.2987683e-05	-2.2258848e-05	-0.00013669976	-6.0405818e-05	-0.00016769417	-2.4643034e-05	 9.9996408	3.8537885e-05	
2016-02-10-16-29-50	-3.6563962e-05	-2.4643034e-05	-0.00013669976	-5.9213725e-05	-0.00016888626	-2.8219312e-05	 9.9996587	1.3503936e-05	
2016-02-10-16-30-00	-3.4179776e-05	-2.5835126e-05	-0.00013669976	-6.159791e-05	-0.00016888626	-2.9411405e-05	 9.9996551	1.5888122e-05	
2016-02-10-16-30-09	-3.5371869e-05	-1.9874662e-05	-0.00013550766	-5.9213725e-05	-0.00017484673	-2.5835126e-05	 9.9996658	2.0656493e-05	
2016-02-10-16-30-19	-3.7756054e-05	-2.3450941e-05	-0.00013789185	-6.0405818e-05	-0.00017127045	-2.5835126e-05	 9.9996527	2.1848586e-05	
2016-02-10-16-30-29	-3.5371869e-05	-2.2258848e-05	-0.00013908394	-5.9213725e-05	-0.00016769417	-2.9411405e-05	 9.9996479	2.6616957e-05	
2016-02-10-16-30-38	-3.5371869e-05	-1.9874662e-05	-0.00013669976	-5.5637446e-05	-0.00017127045	-2.5835126e-05	 9.9996515	2.6616957e-05	
2016-02-10-16-30-48	-3.7756054e-05	-1.868257e-05	-0.00013908394	-6.159791e-05	-0.00017127045	-2.5835126e-05	 9.9996479	3.0193235e-05	
2016-02-10-16-30-57	-4.014024e-05	-2.4643034e-05	-0.00013908394	-5.9213725e-05	-0.00017007836	-3.0603498e-05	 9.9996443	3.8537885e-05	
2016-02-10-16-31-07	-3.6563962e-05	-2.2258848e-05	-0.00013908394	-5.9213725e-05	-0.00017007836	-3.0603498e-05	 9.9996658	1.4696029e-05	
2016-02-10-16-31-17	-3.6563962e-05	-2.5835126e-05	-0.00013669976	-5.6829539e-05	-0.00017007836	-2.8219312e-05	 9.9996646	1.3503936e-05	
2016-02-10-16-31-26	-4.014024e-05	-2.4643034e-05	-0.00014146813	-5.9213725e-05	-0.00017007836	-2.7027219e-05	 9.9996503	1.7080214e-05	
2016-02-10-16-31-36	-4.1332333e-05	-2.3450941e-05	-0.00013908394	-5.8021632e-05	-0.00017127045	-2.7027219e-05	 9.9996539	2.1848586e-05	
2016-02-10-16-31-45	-3.7756054e-05	-2.1066755e-05	-0.00014146813	-5.8021632e-05	-0.00017127045	-3.0603498e-05	 9.9996527	2.4232771e-05	
2016-02-10-16-31-55	-3.8948147e-05	-2.1066755e-05	-0.00014027604	-6.159791e-05	-0.00017365463	-2.9411405e-05	 9.9996432	2.6616957e-05	
2016-02-10-16-32-05	-3.7756054e-05	-2.4643034e-05	-0.00013789185	-5.9213725e-05	-0.00017484673	-2.9411405e-05	 9.9996408	3.1385328e-05	
2016-02-10-16-32-14	-3.2987683e-05	-2.4643034e-05	-0.00014266022	-6.2790003e-05	-0.00017007836	-2.8219312e-05	 9.9996312	3.9729978e-05	
2016-02-10-16-32-24	-3.6563962e-05	-2.5835126e-05	-0.00014266022	-6.0405818e-05	-0.00017484673	-2.5835126e-05	  9.999661	1.5888122e-05	
2016-02-10-16-32-33	-3.8948147e-05	-2.4643034e-05	-0.00014027604	-6.159791e-05	-0.00017365463	-2.8219312e-05	 9.9996575	1.4696029e-05	
2016-02-10-16-32-43	-3.8948147e-05	-2.1066755e-05	-0.00013789185	-6.2790003e-05	-0.00017246254	-2.5835126e-05	 9.9996527	1.5888122e-05	
2016-02-10-16-32-53	-3.7756054e-05	-2.3450941e-05	-0.00014027604	-6.159791e-05	-0.00017484673	-2.7027219e-05	 9.9996539	2.3040678e-05	
2016-02-10-16-33-02	-4.2524426e-05	-2.4643034e-05	-0.00014146813	-6.3982096e-05	-0.00017127045	-2.3450941e-05	 9.9996539	2.1848586e-05	
2016-02-10-16-33-12	-4.2524426e-05	-2.4643034e-05	-0.00014027604	-6.0405818e-05	-0.00017603882	-3.0603498e-05	 9.9996503	2.1848586e-05	
2016-02-10-16-33-21	-4.014024e-05	-2.5835126e-05	-0.00014146813	-6.6366282e-05	-0.00017603882	-3.0603498e-05	 9.9996455	2.4232771e-05	
2016-02-10-16-33-31	-4.014024e-05	-2.3450941e-05	-0.00014146813	-6.0405818e-05	-0.00017484673	-2.9411405e-05	 9.9996277	3.3769514e-05	
2016-02-10-16-33-41	-3.5371869e-05	-2.5835126e-05	-0.00014146813	-6.2790003e-05	-0.00017365463	-2.7027219e-05	 9.9996634	1.3503936e-05	
2016-02-10-16-33-50	-3.8948147e-05	-2.4643034e-05	-0.00014504441	-5.6829539e-05	-0.00017484673	-2.9411405e-05	 9.9996587	1.5888122e-05	
2016-02-10-16-34-00	-3.8948147e-05	-2.4643034e-05	-0.00014266022	-5.9213725e-05	-0.00017723091	-2.9411405e-05	 9.9996575	1.94644e-05	
2016-02-10-16-34-09	-3.7756054e-05	-2.5835126e-05	-0.00014266022	-6.2790003e-05	-0.00017484673	-2.8219312e-05	 9.9996527	1.7080214e-05	
2016-02-10-16-34-19	-3.8948147e-05	-2.5835126e-05	-0.00014266022	-5.9213725e-05	-0.00017723091	-3.0603498e-05	 9.9996455	2.3040678e-05	
2016-02-10-16-34-29	-3.5371869e-05	-2.2258848e-05	-0.00014146813	-6.3982096e-05	-0.000178423	-3.179559e-05	 9.9996491	2.0656493e-05	
2016-02-10-16-34-38	-3.8948147e-05	-2.5835126e-05	-0.00014385231	-6.159791e-05	-0.00017723091	-3.0603498e-05	 9.9996312	2.9001142e-05	
2016-02-10-16-34-48	-3.6563962e-05	-2.2258848e-05	-0.00014504441	-6.2790003e-05	-0.00017484673	-3.2987683e-05	 9.9996384	3.2577421e-05	
2016-02-10-16-34-57	-3.5371869e-05	-2.4643034e-05	-0.00014385231	-6.159791e-05	-0.00017603882	-2.8219312e-05	 9.9996324	1.5888122e-05	
2016-02-10-16-35-07	-3.5371869e-05	-2.2258848e-05	-0.0001462365	-5.9213725e-05	-0.000178423	-2.8219312e-05	 9.9996515	1.2311843e-05	
2016-02-10-16-35-17	-3.8948147e-05	-2.2258848e-05	-0.00014385231	-6.2790003e-05	-0.00017484673	-2.7027219e-05	 9.9996598	1.7080214e-05	
2016-02-10-16-35-26	-3.8948147e-05	-2.4643034e-05	-0.00014504441	-5.6829539e-05	-0.000178423	-3.0603498e-05	 9.9996551	1.4696029e-05	
2016-02-10-16-35-36	-3.6563962e-05	-2.4643034e-05	-0.00014504441	-6.3982096e-05	-0.0001796151	-2.9411405e-05	 9.9996384	1.8272307e-05	
2016-02-10-16-35-45	-4.2524426e-05	-2.4643034e-05	-0.00014504441	-6.2790003e-05	-0.0001796151	-2.9411405e-05	 9.9996503	2.0656493e-05	
2016-02-10-16-35-55	-4.014024e-05	-2.5835126e-05	-0.00014504441	-6.2790003e-05	-0.00017723091	-2.7027219e-05	 9.9996384	2.4232771e-05	
2016-02-10-16-36-05	-3.7756054e-05	-2.5835126e-05	-0.00014146813	-6.2790003e-05	-0.000178423	-3.179559e-05	 9.9996432	3.0193235e-05	
2016-02-10-16-36-14	-4.1332333e-05	-2.3450941e-05	-0.00015100487	-6.2790003e-05	-0.00017603882	-3.179559e-05	 9.9996265	3.7345792e-05	
2016-02-10-16-36-24	-3.6563962e-05	-2.4643034e-05	-0.0001462365	-6.3982096e-05	-0.0001796151	-2.9411405e-05	 9.9996551	1.111975e-05	
2016-02-10-16-36-34	-3.6563962e-05	-2.3450941e-05	-0.0001462365	-5.9213725e-05	-0.000178423	-3.0603498e-05	 9.9996622	1.2311843e-05	
2016-02-10-16-36-43	-3.8948147e-05	-2.5835126e-05	-0.0001462365	-6.0405818e-05	-0.0001796151	-3.179559e-05	 9.9996575	1.5888122e-05	
2016-02-10-16-36-53	-4.2524426e-05	-2.5835126e-05	-0.00014742859	-6.2790003e-05	-0.0001796151	-3.0603498e-05	 9.9996515	1.8272307e-05	
2016-02-10-16-37-02	-3.7756054e-05	-2.4643034e-05	-0.00014981278	-6.5174189e-05	-0.00018080719	-2.9411405e-05	  9.999636	1.94644e-05	
2016-02-10-16-37-12	-4.3716518e-05	-2.7027219e-05	-0.0001462365	-6.0405818e-05	-0.00018319138	-3.0603498e-05	 9.9996348	2.3040678e-05	
2016-02-10-16-37-22	-3.8948147e-05	-2.4643034e-05	-0.00014504441	-6.2790003e-05	-0.00018199928	-3.179559e-05	 9.9996348	3.0193235e-05	
2016-02-10-16-37-31	-4.014024e-05	-2.4643034e-05	-0.00014742859	-6.2790003e-05	-0.00017603882	-3.2987683e-05	 9.9996277	4.092207e-05	
2016-02-10-16-37-41	-4.014024e-05	-2.5835126e-05	-0.00014742859	-5.9213725e-05	-0.00018557556	-3.0603498e-05	 9.9996622	1.2311843e-05	
2016-02-10-16-37-50	-4.1332333e-05	-2.3450941e-05	-0.00014981278	-6.159791e-05	-0.0001796151	-3.0603498e-05	 9.9996527	1.4696029e-05	
2016-02-10-16-38-00	-4.014024e-05	-2.1066755e-05	-0.00014862068	-6.5174189e-05	-0.00018199928	-2.7027219e-05	 9.9996515	1.8272307e-05	
2016-02-10-16-38-10	-4.014024e-05	-2.9411405e-05	-0.00014385231	-6.2790003e-05	-0.00018438347	-3.5371869e-05	 9.9996503	1.7080214e-05	
2016-02-10-16-38-19	-4.1332333e-05	-2.3450941e-05	-0.00015219696	-6.2790003e-05	-0.00018438347	-3.4179776e-05	 9.9996372	2.4232771e-05	
2016-02-10-16-38-29	-4.1332333e-05	-2.4643034e-05	-0.00015100487	-6.3982096e-05	-0.00018199928	-3.0603498e-05	  9.999636	2.780905e-05	
2016-02-10-16-38-38	-4.2524426e-05	-2.4643034e-05	-0.00014981278	-6.2790003e-05	-0.00018199928	-2.8219312e-05	 9.9996181	3.1385328e-05	
2016-02-10-16-38-48	-3.7756054e-05	-2.3450941e-05	-0.00014862068	-6.3982096e-05	-0.00018199928	-2.9411405e-05	 9.9996026	3.4961606e-05	
2016-02-10-16-38-58	-4.1332333e-05	-2.4643034e-05	-0.00015338906	-6.2790003e-05	-0.00018319138	-2.9411405e-05	 9.9996348	1.111975e-05	
2016-02-10-16-39-07	-3.7756054e-05	-2.3450941e-05	-0.00014742859	-6.6366282e-05	-0.00018795975	-2.9411405e-05	 9.9996479	1.7080214e-05	
2016-02-10-16-39-17	-4.2524426e-05	-2.5835126e-05	-0.00014981278	-6.5174189e-05	-0.00018199928	-3.0603498e-05	 9.9996312	1.3503936e-05	
2016-02-10-16-39-26	-4.1332333e-05	-2.5835126e-05	-0.00014862068	-6.159791e-05	-0.00018080719	-2.9411405e-05	 9.9996169	1.94644e-05	
2016-02-10-16-39-36	-3.8948147e-05	-2.3450941e-05	-0.00015100487	-6.3982096e-05	-0.00018438347	-3.0603498e-05	 9.9996217	2.0656493e-05	
2016-02-10-16-39-46	-4.1332333e-05	-2.2258848e-05	-0.00015100487	-6.2790003e-05	-0.00018915184	-3.2987683e-05	 9.9996181	2.1848586e-05	
2016-02-10-16-39-55	-4.2524426e-05	-2.5835126e-05	-0.00015219696	-6.6366282e-05	-0.00018438347	-2.9411405e-05	 9.9996169	2.780905e-05	
2016-02-10-16-40-05	-3.8948147e-05	-2.4643034e-05	-0.00015458115	-6.6366282e-05	-0.00018319138	-2.9411405e-05	 9.9996074	2.9001142e-05	
2016-02-10-16-40-14	-4.2524426e-05	-2.4643034e-05	-0.00015338906	-6.3982096e-05	-0.00018199928	-3.0603498e-05	 9.9996253	1.2311843e-05	
2016-02-10-16-40-24	-4.1332333e-05	-2.7027219e-05	-0.00015219696	-6.5174189e-05	-0.00019034393	-3.0603498e-05	 9.9996241	1.3503936e-05	
2016-02-10-16-40-34	-4.4908611e-05	-2.5835126e-05	-0.00015219696	-6.159791e-05	-0.00018557556	-3.179559e-05	 9.9996277	1.4696029e-05	
2016-02-10-16-40-43	-4.2524426e-05	-3.179559e-05	-0.00015219696	-6.159791e-05	-0.00018557556	-3.2987683e-05	 9.9996253	1.5888122e-05	
2016-02-10-16-40-53	-4.2524426e-05	-2.4643034e-05	-0.00015577324	-6.5174189e-05	-0.00018319138	-3.0603498e-05	 9.9996217	1.8272307e-05	
2016-02-10-16-41-02	-4.3716518e-05	-2.8219312e-05	-0.00015458115	-6.5174189e-05	-0.00018795975	-2.8219312e-05	 9.9996241	2.0656493e-05	
2016-02-10-16-41-12	-4.4908611e-05	-2.7027219e-05	-0.00015696533	-6.159791e-05	-0.00018795975	-2.9411405e-05	 9.9996134	2.5424864e-05	
2016-02-10-16-41-22	-4.014024e-05	-2.5835126e-05	-0.00015338906	-6.5174189e-05	-0.00018795975	-3.179559e-05	 9.9996098	3.0193235e-05	
2016-02-10-16-41-31	-3.7756054e-05	-3.0603498e-05	-0.00015100487	-6.3982096e-05	-0.00018557556	-3.4179776e-05	 9.9996241	8.7355648e-06	
2016-02-10-16-41-41	-4.2524426e-05	-2.3450941e-05	-0.00015458115	-6.2790003e-05	-0.00019272812	-3.6563962e-05	 9.9996229	1.2311843e-05	
2016-02-10-16-41-50	-4.1332333e-05	-2.5835126e-05	-0.00015458115	-6.3982096e-05	-0.00018438347	-2.8219312e-05	 9.9996241	1.3503936e-05	
